,timestamp,close,high,low,trade_count,open,volume,vwap,calculated_percentage,calculated_volatility
0,2023-11-01 08:00:00,417.41,417.5,417.41,11,417.5,571,417.453905,-0.00021556886227538919,0.0002156153422294027
1,2023-11-01 08:01:00,417.41,417.41,417.41,3,417.41,165,417.423333,0.0,0.0
2,2023-11-01 08:02:00,417.35,417.38,417.35,8,417.38,399,417.369373,-7.18769466672402e-05,7.188211333406665e-05
3,2023-11-01 08:03:00,417.32,417.32,417.29,7,417.29,956,417.301036,7.189244889638553e-05,7.189244889638553e-05
4,2023-11-01 08:05:00,417.44,417.48,417.42,9,417.48,1521,417.458889,-9.581297307660358e-05,0.0001437401178669021
5,2023-11-01 08:06:00,417.43,417.43,417.34,2,417.34,421,417.365867,0.00021565150716449858,0.00021565150716449858
6,2023-11-01 08:08:00,417.6,417.6,417.47,5,417.47,821,417.562241,0.00031139962152967985,0.00031139962152967985
7,2023-11-01 08:09:00,417.58,417.58,417.57,7,417.57,491,417.579817,2.3948080561321227e-05,2.3948080561321227e-05
8,2023-11-01 08:12:00,417.48,417.48,417.48,4,417.48,258,417.522171,0.0,0.0
9,2023-11-01 08:13:00,417.68,417.68,417.61,4,417.61,390,417.639231,0.0001676205071717468,0.0001676205071717468
10,2023-11-01 08:14:00,417.72,417.8,417.72,10,417.73,1038,417.738092,-2.393890790699951e-05,0.00019151584793637862
11,2023-11-01 08:15:00,417.61,417.61,417.61,4,417.61,188,417.678298,0.0,0.0
12,2023-11-01 08:16:00,417.46,417.46,417.46,5,417.46,190,417.444105,0.0,0.0
13,2023-11-01 08:19:00,417.3,417.3,417.3,11,417.3,284,417.302993,0.0,0.0
14,2023-11-01 08:25:00,417.32,417.33,417.32,9,417.33,700,417.319471,-2.3961852730431327e-05,2.3962426914576117e-05
15,2023-11-01 08:27:00,417.24,417.28,417.23,15,417.28,5180,417.259382,-9.585889570543429e-05,0.00011983797905221227
16,2023-11-01 08:29:00,416.95,416.95,416.95,19,416.95,390,416.967564,0.0,0.0
17,2023-11-01 08:31:00,417.0,417.0,417.0,3,417.0,175,417.013714,0.0,0.0
18,2023-11-01 08:32:00,417.15,417.15,417.15,1,417.15,234,417.15,0.0,0.0
19,2023-11-01 08:33:00,417.32,417.32,417.24,20,417.24,2017,417.291373,0.0001917361710286264,0.0001917361710286264
20,2023-11-01 08:34:00,417.27,417.31,417.26,15,417.31,1703,417.291139,-9.585200450509324e-05,0.0001198293629871336
21,2023-11-01 08:37:00,417.23,417.23,417.23,2,417.23,101,417.230099,0.0,0.0
22,2023-11-01 08:40:00,417.23,417.26,417.23,11,417.26,379,417.253799,-7.189761779219843e-05,7.190278743132735e-05
23,2023-11-01 08:41:00,417.17,417.17,417.17,3,417.17,141,417.170567,0.0,0.0
24,2023-11-01 08:43:00,416.91,416.91,416.91,6,416.91,256,416.912305,0.0,0.0
25,2023-11-01 08:47:00,416.86,416.86,416.86,10,416.86,187,416.856096,0.0,0.0
26,2023-11-01 08:48:00,416.89,416.89,416.89,1,416.89,141,416.89,0.0,0.0
27,2023-11-01 08:50:00,416.99,416.99,416.99,1,416.99,153,416.99,0.0,0.0
28,2023-11-01 08:51:00,416.93,416.93,416.93,5,416.93,183,416.937705,0.0,0.0
29,2023-11-01 08:52:00,416.84,416.84,416.84,1,416.84,100,416.84,0.0,0.0
30,2023-11-01 08:54:00,416.65,416.75,416.65,8,416.75,323,416.687802,-0.00023995200959813493,0.00024000960038406995
31,2023-11-01 08:56:00,416.77,416.77,416.77,4,416.77,583,416.767787,0.0,0.0
32,2023-11-01 08:57:00,416.81,416.81,416.81,4,416.81,528,416.807822,0.0,0.0
33,2023-11-01 08:58:00,416.82,416.82,416.82,3,416.82,120,416.815,0.0,0.0
34,2023-11-01 08:59:00,416.88,416.88,416.88,3,416.88,299,416.873478,0.0,0.0
35,2023-11-01 09:00:00,416.83,416.91,416.83,6,416.89,662,416.856239,-0.00014392285734846668,0.00019192476549202535
36,2023-11-01 09:01:00,416.8,416.8,416.8,2,416.8,101,416.800198,0.0,0.0
37,2023-11-01 09:03:00,417.05,417.05,417.0,3,417.0,830,417.031928,0.00011990407673863637,0.00011990407673863637
38,2023-11-01 09:05:00,417.14,417.14,417.14,5,417.14,287,417.138571,0.0,0.0
39,2023-11-01 09:06:00,417.2,417.2,417.15,6,417.15,903,417.166722,0.00011986096128493676,0.00011986096128493676
40,2023-11-01 09:12:00,417.11,417.11,417.11,4,417.11,470,417.109894,0.0,0.0
41,2023-11-01 09:14:00,417.07,417.07,417.07,16,417.07,930,417.067796,0.0,0.0
42,2023-11-01 09:15:00,416.94,416.94,416.94,14,416.94,933,416.948328,0.0,0.0
43,2023-11-01 09:20:00,416.77,416.77,416.77,18,416.77,273,416.815165,0.0,0.0
44,2023-11-01 09:23:00,416.7,416.7,416.7,18,416.7,1543,416.69836,0.0,0.0
45,2023-11-01 09:24:00,416.65,416.67,416.65,8,416.67,804,416.662164,-4.799961600316474e-05,4.8001920076895846e-05
46,2023-11-01 09:32:00,416.93,416.93,416.93,3,416.93,264,416.884545,0.0,0.0
47,2023-11-01 09:35:00,416.68,416.68,416.68,4,416.68,118,416.681271,0.0,0.0
48,2023-11-01 09:37:00,416.82,416.82,416.82,4,416.82,265,416.827019,0.0,0.0
49,2023-11-01 09:41:00,416.77,416.77,416.77,4,416.77,440,416.764205,0.0,0.0
50,2023-11-01 09:45:00,416.65,416.7,416.65,6,416.7,454,416.671101,-0.00011999040076796585,0.00012000480019203497
51,2023-11-01 09:48:00,416.77,416.77,416.77,2,416.77,171,416.770058,0.0,0.0
52,2023-11-01 09:50:00,416.65,416.65,416.65,7,416.65,509,416.646798,0.0,0.0
53,2023-11-01 09:51:00,416.6,416.6,416.6,2,416.6,500,416.6,0.0,0.0
54,2023-11-01 09:52:00,416.56,416.56,416.56,6,416.56,563,416.563162,0.0,0.0
55,2023-11-01 09:53:00,416.51,416.51,416.51,4,416.51,204,416.509902,0.0,0.0
56,2023-11-01 09:54:00,416.53,416.53,416.53,4,416.53,252,416.556389,0.0,0.0
57,2023-11-01 09:56:00,416.53,416.54,416.53,2,416.54,500,416.538,-2.4007298218773104e-05,2.4007874582977815e-05
58,2023-11-01 09:57:00,416.54,416.54,416.54,3,416.54,501,416.54014,0.0,0.0
59,2023-11-01 09:58:00,416.57,416.57,416.57,1,416.57,100,416.57,0.0,0.0
60,2023-11-01 09:59:00,416.66,416.7,416.66,9,416.69,734,416.685477,-7.199596822571388e-05,9.600153602448907e-05
61,2023-11-01 10:02:00,416.71,416.71,416.71,2,416.71,520,416.709615,0.0,0.0
62,2023-11-01 10:03:00,416.55,416.55,416.55,6,416.55,228,416.560833,0.0,0.0
63,2023-11-01 10:04:00,416.59,416.59,416.56,5,416.56,227,416.575683,7.201843671973477e-05,7.201843671973477e-05
64,2023-11-01 10:08:00,416.51,416.56,416.51,14,416.56,556,416.533705,-0.00012003072786636107,0.00012004513697152858
65,2023-11-01 10:10:00,416.43,416.43,416.43,6,416.43,327,416.428287,0.0,0.0
66,2023-11-01 10:11:00,416.41,416.45,416.41,6,416.45,653,416.425881,-9.604994597181804e-05,9.605917245014197e-05
67,2023-11-01 10:13:00,416.39,416.39,416.39,3,416.39,203,416.397389,0.0,0.0
68,2023-11-01 10:15:00,416.52,416.52,416.52,6,416.52,162,416.50716,0.0,0.0
69,2023-11-01 10:19:00,416.55,416.55,416.55,3,416.55,137,416.551022,0.0,0.0
70,2023-11-01 10:21:00,416.5,416.5,416.5,2,416.5,248,416.500202,0.0,0.0
71,2023-11-01 10:22:00,416.47,416.47,416.47,1,416.47,100,416.47,0.0,0.0
72,2023-11-01 10:24:00,416.45,416.45,416.45,4,416.45,152,416.440197,0.0,0.0
73,2023-11-01 10:25:00,416.43,416.43,416.43,1,416.43,100,416.43,0.0,0.0
74,2023-11-01 10:26:00,416.54,416.54,416.51,5,416.51,253,416.527787,7.202708218297174e-05,7.202708218297174e-05
75,2023-11-01 10:27:00,416.61,416.61,416.59,10,416.59,464,416.585647,4.800883362547986e-05,4.800883362547986e-05
76,2023-11-01 10:28:00,416.61,416.61,416.61,2,416.61,431,416.61,0.0,0.0
77,2023-11-01 10:29:00,416.68,416.68,416.68,3,416.68,888,416.678018,0.0,0.0
78,2023-11-01 10:30:00,416.64,416.68,416.58,13,416.68,6801,416.663821,-9.599692809834997e-05,0.00024004993038557478
79,2023-11-01 10:32:00,416.72,416.74,416.7,17,416.74,2864,416.709839,-4.799155348654271e-05,9.599232061439996e-05
80,2023-11-01 10:33:00,416.66,416.66,416.66,2,416.66,185,416.664595,0.0,0.0
81,2023-11-01 10:35:00,416.82,416.82,416.8,8,416.8,794,416.80466,4.7984644913583996e-05,4.7984644913583996e-05
82,2023-11-01 10:36:00,416.85,416.85,416.8,3,416.8,801,416.825031,0.00011996161228409637,0.00011996161228409637
83,2023-11-01 10:37:00,416.9,416.9,416.86,10,416.86,1071,416.888217,9.595547665874303e-05,9.595547665874303e-05
84,2023-11-01 10:41:00,416.9,416.95,416.85,64,416.86,25000,416.8872,9.595547665874303e-05,0.000239894446443483
85,2023-11-01 10:42:00,416.94,416.94,416.9,10,416.92,5224,416.921196,4.797083373304665e-05,9.59462700887994e-05
86,2023-11-01 10:43:00,417.0,417.0,416.9,9,416.9,888,416.968255,0.0002398656752219303,0.0002398656752219303
87,2023-11-01 10:44:00,417.02,417.02,416.98,23,417.0,9906,417.000197,4.796163069540002e-05,9.592786224750256e-05
88,2023-11-01 10:45:00,417.03,417.08,416.96,45,417.0,17075,417.022641,7.194244604310003e-05,0.00028779739063700246
89,2023-11-01 10:46:00,417.02,417.03,417.0,16,417.0,9070,417.003291,4.796163069540002e-05,7.194244604310003e-05
90,2023-11-01 10:47:00,417.06,417.06,417.02,4,417.02,670,417.046716,9.591866097554186e-05,9.591866097554186e-05
91,2023-11-01 10:48:00,416.95,417.06,416.95,10,417.06,1842,417.004099,-0.0002637510190380608,0.0002638206019906791
92,2023-11-01 10:49:00,416.96,416.96,416.96,4,416.96,629,416.959078,0.0,0.0
93,2023-11-01 10:50:00,416.87,416.89,416.87,8,416.89,1617,416.884242,-4.7974285782776775e-05,4.79765874252928e-05
94,2023-11-01 10:51:00,416.93,416.93,416.91,8,416.91,1576,416.922297,4.7971984361089465e-05,4.7971984361089465e-05
95,2023-11-01 10:52:00,416.91,416.91,416.91,3,416.91,211,416.91019,0.0,0.0
96,2023-11-01 10:53:00,416.93,416.93,416.92,2,416.92,536,416.922537,2.3985416866523324e-05,2.3985416866523324e-05
97,2023-11-01 10:54:00,416.93,416.93,416.93,1,416.93,200,416.93,0.0,0.0
98,2023-11-01 10:55:00,416.92,416.92,416.92,3,416.92,502,416.91994,0.0,0.0
99,2023-11-01 10:57:00,416.87,416.87,416.85,7,416.85,634,416.857681,4.797888928866933e-05,4.797888928866933e-05
100,2023-11-01 10:58:00,416.86,416.86,416.86,5,416.86,272,416.866985,0.0,0.0
101,2023-11-01 11:00:00,416.86,416.86,416.86,20,416.86,577,416.865407,0.0,0.0
102,2023-11-01 11:01:00,416.86,416.9,416.86,24,416.9,5941,416.882951,-9.594627008866304e-05,9.595547665874303e-05
103,2023-11-01 11:02:00,416.89,416.89,416.89,7,416.89,295,416.899051,0.0,0.0
104,2023-11-01 11:03:00,416.92,416.92,416.92,3,416.92,143,416.929161,0.0,0.0
105,2023-11-01 11:04:00,416.99,416.99,416.99,8,416.99,821,416.999805,0.0,0.0
106,2023-11-01 11:05:00,417.0,417.0,416.99,8,416.99,1259,416.997538,2.3981390440995957e-05,2.3981390440995957e-05
107,2023-11-01 11:06:00,416.89,417.0,416.89,11,416.98,749,416.958024,-0.0002158376900571534,0.000263858571805545
108,2023-11-01 11:07:00,416.85,416.86,416.85,4,416.86,326,416.85316,-2.3988869164685758e-05,2.3989444644334664e-05
109,2023-11-01 11:09:00,416.8,416.83,416.8,16,416.82,772,416.810997,-4.7982342497917115e-05,7.1976967370376e-05
110,2023-11-01 11:10:00,416.8,416.8,416.8,5,416.8,390,416.809744,0.0,0.0
111,2023-11-01 11:12:00,416.9,416.9,416.871,5,416.871,407,416.885651,6.95658848900412e-05,6.95658848900412e-05
112,2023-11-01 11:13:00,416.88,416.88,416.88,10,416.88,615,416.879919,0.0,0.0
113,2023-11-01 11:14:00,416.79,416.79,416.79,8,416.79,946,416.791712,0.0,0.0
114,2023-11-01 11:16:00,416.75,416.78,416.75,21,416.78,1351,416.783731,-7.198042132533404e-05,7.198560287935864e-05
115,2023-11-01 11:17:00,416.78,416.79,416.76,33,416.76,10223,416.778746,4.798925040786499e-05,7.198387561193386e-05
116,2023-11-01 11:19:00,416.74,416.75,416.74,16,416.75,3319,416.743546,-2.3995200959786216e-05,2.3995776743271356e-05
117,2023-11-01 11:20:00,416.6,416.74,416.6,40,416.74,5950,416.664232,-0.00033594087440607176,0.0003360537686029437
118,2023-11-01 11:21:00,416.62,416.62,416.59,13,416.59,936,416.605534,7.201325043815157e-05,7.201325043815157e-05
119,2023-11-01 11:22:00,416.59,416.59,416.57,7,416.57,428,416.582477,4.801113858410786e-05,4.801113858410786e-05
120,2023-11-01 11:24:00,416.57,416.58,416.5,55,416.55,16568,416.530014,4.8013443764210324e-05,0.0001920768307322547
121,2023-11-01 11:25:00,416.57,416.57,416.57,6,416.57,622,416.57,0.0,0.0
122,2023-11-01 11:26:00,416.64,416.65,416.64,5,416.65,1544,416.649385,-2.400096003837971e-05,2.4001536098288462e-05
123,2023-11-01 11:27:00,416.67,416.69,416.65,10,416.66,2492,416.665903,2.4000384006122267e-05,9.600384015365526e-05
124,2023-11-01 11:28:00,416.66,416.66,416.64,25,416.65,6236,416.653371,2.400096003851614e-05,4.800307219671336e-05
125,2023-11-01 11:29:00,416.58,416.58,416.58,8,416.58,230,416.588696,0.0,0.0
126,2023-11-01 11:30:00,416.58,416.59,416.54,111,416.54,22203,416.577078,9.602919287454655e-05,0.00012003649109318318
127,2023-11-01 11:31:00,416.61,416.62,416.5,120,416.56,34536,416.563429,0.00012003072786636107,0.0002881152460984503
128,2023-11-01 11:32:00,416.62,416.68,416.55,104,416.55,25325,416.624035,0.0001680470531748726,0.00031208738446764
129,2023-11-01 11:33:00,416.74,416.74,416.66,38,416.66,9257,416.700695,0.00019200307204911458,0.00019200307204911458
130,2023-11-01 11:34:00,416.8,416.8,416.7,32,416.7,5016,416.748054,0.0002399808015359317,0.0002399808015359317
131,2023-11-01 11:35:00,416.84,416.84,416.8,20,416.8,4140,416.836473,9.596928982716799e-05,9.596928982716799e-05
132,2023-11-01 11:36:00,416.69,416.69,416.68,4,416.68,206,416.687379,2.3999232024553388e-05,2.3999232024553388e-05
133,2023-11-01 11:37:00,416.65,416.65,416.62,16,416.65,1324,416.644615,0.0,7.200806490320368e-05
134,2023-11-01 11:38:00,416.62,416.62,416.62,9,416.62,650,416.628154,0.0,0.0
135,2023-11-01 11:39:00,416.66,416.66,416.66,15,416.66,5006,416.659982,0.0,0.0
136,2023-11-01 11:40:00,416.65,416.65,416.65,5,416.65,250,416.6434,0.0,0.0
137,2023-11-01 11:41:00,416.58,416.59,416.58,8,416.59,557,416.591057,-2.4004416812671704e-05,2.4004993038530186e-05
138,2023-11-01 11:42:00,416.54,416.55,416.54,10,416.55,1630,416.547515,-2.4006721882105162e-05,2.4007298218636637e-05
139,2023-11-01 11:43:00,416.5,416.52,416.5,21,416.52,1159,416.508654,-4.801690194944255e-05,4.8019207683029556e-05
140,2023-11-01 11:44:00,416.48,416.51,416.48,13,416.5,1274,416.502088,-4.8019207683029556e-05,7.203227045709929e-05
141,2023-11-01 11:45:00,416.33,416.47,416.33,44,416.47,7774,416.358292,-0.00033615866689087616,0.00033627170753979587
142,2023-11-01 11:46:00,416.32,416.4,416.32,15,416.34,2475,416.352228,-4.8037661526593196e-05,0.0001921598770176405
143,2023-11-01 11:47:00,416.35,416.36,416.34,32,416.35,6770,416.351758,0.0,4.8037661526729724e-05
144,2023-11-01 11:48:00,416.35,416.37,416.32,60,416.32,16058,416.351396,7.205995388170051e-05,0.00012009992313607651
145,2023-11-01 11:49:00,416.3,416.35,416.3,15,416.35,999,416.331241,-0.00012009126936474448,0.00012010569300987597
146,2023-11-01 11:50:00,416.29,416.3,416.28,12,416.28,1693,416.292357,2.402229268772881e-05,4.804458537532107e-05
147,2023-11-01 11:51:00,416.33,416.33,416.24,19,416.25,1552,416.290664,0.00019219219219215395,0.0002162214107245219
148,2023-11-01 11:52:00,416.31,416.33,416.3,20,416.3,4215,416.304738,2.4021138601947884e-05,7.206341580584366e-05
149,2023-11-01 11:53:00,416.32,416.32,416.31,20,416.31,5916,416.310663,2.402056160070838e-05,2.402056160070838e-05
150,2023-11-01 11:54:00,416.32,416.35,416.3,24,416.35,2372,416.321653,-7.20547616189013e-05,0.00012010569300987597
151,2023-11-01 11:55:00,416.3,416.35,416.3,19,416.33,2324,416.330297,-7.20582230441542e-05,0.00012010569300987597
152,2023-11-01 11:56:00,416.34,416.34,416.31,6,416.31,940,416.325926,7.206168480212514e-05,7.206168480212514e-05
153,2023-11-01 11:57:00,416.4,416.41,416.36,23,416.36,3454,416.395756,9.607070804103088e-05,0.00012008838505142513
154,2023-11-01 11:58:00,416.44,416.46,416.4,29,416.41,6458,416.415483,7.204437933760648e-05,0.00014409221902017837
155,2023-11-01 11:59:00,416.5,416.5,416.47,19,416.47,2026,416.485118,7.203400004795714e-05,7.203400004795714e-05
156,2023-11-01 12:00:00,416.49,417.5996,416.28,334,416.68,47101,416.624323,-0.0004559854084669236,0.003169981743057646
157,2023-11-01 12:01:00,416.601,417.75,416.55,306,417.57,5637,417.194069,-0.0023205690063941233,0.002880806625855212
158,2023-11-01 12:02:00,416.72,418.13,416.59,149,416.61,4681,416.967513,0.0002640359088836409,0.003696680189154854
159,2023-11-01 12:03:00,416.7,416.73,416.7,21,416.72,1404,416.713786,-4.79938567864241e-05,7.199424046083408e-05
160,2023-11-01 12:04:00,416.77,416.77,416.62,28,416.7,1532,416.695401,0.00016798656107509764,0.00036004032451629123
161,2023-11-01 12:05:00,416.7,416.75,416.7,35,416.75,3076,416.714594,-0.00011997600479906747,0.00011999040076796585
162,2023-11-01 12:06:00,416.72,416.72,416.65,52,416.65,5978,416.692903,0.00016800672026893082,0.00016800672026893082
163,2023-11-01 12:07:00,416.79,416.8,416.73,41,416.73,5097,416.769197,0.00014397811532647584,0.00016797446788086574
164,2023-11-01 12:08:00,416.81,416.83,416.79,40,416.79,2649,416.811216,4.798579620427988e-05,9.597159240855975e-05
165,2023-11-01 12:09:00,416.81,416.84,416.78,85,416.78,13661,416.808041,7.198042132547041e-05,0.00014396084265080444
166,2023-11-01 12:10:00,416.84,416.85,416.81,50,416.82,6243,416.841014,4.7982342497917115e-05,9.596698735639851e-05
167,2023-11-01 12:11:00,416.85,416.85,416.79,56,416.81,6683,416.823406,9.596698735639851e-05,0.000143957388612976
168,2023-11-01 12:12:00,416.95,416.95,416.85,46,416.86,5419,416.903603,0.00021589982248230817,0.000239894446443483
169,2023-11-01 12:13:00,416.95,416.96,416.91,60,416.91,8361,416.935086,9.594396872217893e-05,0.00011992996090272367
170,2023-11-01 12:14:00,416.91,416.92,416.91,23,416.92,1051,416.911208,-2.3985416866523324e-05,2.3985992180544732e-05
171,2023-11-01 12:15:00,416.97,417.17,416.88,171,416.88,25985,417.03779,0.00021588946459420418,0.0006956438303589054
172,2023-11-01 12:16:00,417.11,417.16,416.92,85,416.92,11892,417.079482,0.0004557229204643522,0.0005756500047971051
173,2023-11-01 12:17:00,417.08,417.13,417.05,45,417.1,5647,417.102445,-4.7950131862955295e-05,0.00019182352235939116
174,2023-11-01 12:18:00,417.13,417.13,417.04,113,417.11,28204,417.077795,4.794898228280744e-05,0.0002158066372529613
175,2023-11-01 12:19:00,417.1,417.16,417.1,29,417.1,3890,417.131041,0.0,0.00014385039558859332
176,2023-11-01 12:20:00,417.01,417.1,417.01,37,417.1,3986,417.05574,-0.0002157755933829581,0.00021582216253814498
177,2023-11-01 12:21:00,416.93,417.0,416.93,89,416.96,17510,416.966924,-7.194934765918246e-05,0.00016789389106083318
178,2023-11-01 12:22:00,416.93,416.93,416.93,22,416.93,730,416.923904,0.0,0.0
179,2023-11-01 12:23:00,416.91,416.959,416.91,39,416.93,5164,416.927179,-4.79696831601991e-05,0.00011753136168472373
180,2023-11-01 12:24:00,416.96,417.01,416.9,95,416.94,15872,416.950683,4.796853264254284e-05,0.00026385224274409606
181,2023-11-01 12:25:00,416.96,416.96,416.9,14,416.95,602,416.943106,2.3983691090036947e-05,0.0001439194051331309
182,2023-11-01 12:26:00,416.93,416.94,416.9,37,416.92,6473,416.92807,2.3985416866523324e-05,9.59462700887994e-05
183,2023-11-01 12:27:00,417.08,417.08,416.88,36,416.88,2807,416.962946,0.0004797543657647012,0.0004797543657647012
184,2023-11-01 12:28:00,417.08,417.09,417.03,48,417.06,8174,417.052297,4.7954730734143315e-05,0.00014387454139990475
185,2023-11-01 12:29:00,417.01,417.06,417.0,27,417.06,1172,417.015474,-0.00011988682683549457,0.00014388489208633638
186,2023-11-01 12:30:00,417.44,417.59,417.05,385,417.05,77273,417.37585,0.0009351396715021852,0.0012948087759260608
187,2023-11-01 12:31:00,417.7,417.73,417.47,149,417.61,23305,417.573369,0.00021551208064934983,0.0006227992430593597
188,2023-11-01 12:32:00,417.98,417.98,417.57,233,417.65,37189,417.843429,0.0007901352807375576,0.0009818713030151232
189,2023-11-01 12:33:00,417.94,418.08,417.85,215,417.95,29815,417.973153,-2.3926306974496723e-05,0.0005504367596026357
190,2023-11-01 12:34:00,418.42,418.46,418.03,460,418.03,73101,418.279319,0.0009329473961199992,0.0010286343085424655
191,2023-11-01 12:35:00,418.36,418.6,418.28,426,418.42,64113,418.435198,-0.000143396587161231,0.0007650377737401981
192,2023-11-01 12:36:00,418.45,418.52,418.37,218,418.39,41240,418.445945,0.0001434068691890396,0.00035853431173357855
193,2023-11-01 12:37:00,418.36,418.45,418.3,160,418.45,37089,418.394218,-0.0002150794599115187,0.0003585943103035555
194,2023-11-01 12:38:00,418.48,418.52,418.4,171,418.4,35246,418.493584,0.00019120458891023166,0.00028680688336521167
195,2023-11-01 12:39:00,418.67,418.68,418.55,177,418.55,24935,418.603633,0.000286704097479404,0.000310596105602665
196,2023-11-01 12:40:00,418.43,418.7,418.4,183,418.66,40471,418.568297,-0.000549371805283567,0.0007170172084130292
197,2023-11-01 12:41:00,418.55,418.55,418.28,162,418.44,18307,418.368488,0.00026288117770770876,0.0006455006215932836
198,2023-11-01 12:42:00,418.4,418.59,418.39,104,418.54,10850,418.513177,-0.0003344961055097319,0.0004780228972967534
199,2023-11-01 12:43:00,418.27,418.38,418.25,123,418.38,13348,418.304135,-0.00026291887757544255,0.0003108188882247351
200,2023-11-01 12:44:00,418.32,418.33,418.2421,82,418.27,8567,418.295716,0.00011954001004138803,0.0002101653563808869
201,2023-11-01 12:45:00,418.35,418.38,418.25,83,418.3,14344,418.305837,0.00011953143676789712,0.0003108188882247351
202,2023-11-01 12:46:00,418.55,418.55,418.38,57,418.39,8435,418.487954,0.0003824183178374842,0.00040632917443476246
203,2023-11-01 12:47:00,418.39,418.6,418.38,137,418.5595,30139,418.490007,-0.0004049603461396235,0.0005258377551508851
204,2023-11-01 12:48:00,418.32,418.37,418.32,108,418.34,17152,418.346596,-4.7808003059668716e-05,0.00011952572193538767
205,2023-11-01 12:49:00,418.43,418.46,418.36,52,418.36,5925,418.421908,0.0001673200114733559,0.00023902858781902164
206,2023-11-01 12:50:00,418.42,418.49,418.42,66,418.46,7455,418.457649,-9.558858672265837e-05,0.00016729601835474686
207,2023-11-01 12:51:00,418.63,418.66,418.48,88,418.48,12692,418.57724,0.00035844006882043884,0.00043012808258460815
208,2023-11-01 12:52:00,418.78,418.78,418.61,119,418.63,20783,418.67246,0.0003583116355731249,0.000406105921979788
209,2023-11-01 12:53:00,418.61,418.74,418.59,75,418.74,11937,418.620228,-0.0003104551750489455,0.0003583458754390552
210,2023-11-01 12:54:00,418.71,418.71,418.58,50,418.62,3453,418.638571,0.00021499211695565187,0.00031057384490418906
211,2023-11-01 12:55:00,418.59,418.73,418.59,55,418.63,5303,418.666857,-9.554976948623e-05,0.000334456150409812
212,2023-11-01 12:56:00,418.54,418.57,418.47,80,418.57,7092,418.530827,-7.167259956512105e-05,0.000238965756207054
213,2023-11-01 12:57:00,418.44,418.5,418.4,70,418.5,17788,418.427829,-0.00014336917562724556,0.00023900573613772167
214,2023-11-01 12:58:00,418.27,418.42,418.27,97,418.34,12645,418.345057,-0.00016732801070897638,0.0003586200301241641
215,2023-11-01 12:59:00,418.44,418.44,418.23,78,418.27,9359,418.344296,0.00040643603414066494,0.0005021160605408018
216,2023-11-01 13:00:00,418.05,418.42,418.05,158,418.42,25878,418.235285,-0.0008842789541609018,0.0008850615955029412
217,2023-11-01 13:01:00,417.85,418.08,417.85,134,418.04,12444,417.949743,-0.0004545019615347759,0.0005504367596026357
218,2023-11-01 13:02:00,418.05,418.05,417.82,141,417.87,14861,417.915967,0.0004307559767391936,0.0005504762816524297
219,2023-11-01 13:03:00,417.99,418.11,417.98,111,418.05,12744,418.039383,-0.00014352350197345358,0.000311019666012717
220,2023-11-01 13:04:00,418.11,418.11,418.07,41,418.1,1339,418.088853,2.3917723032745527e-05,9.567775731341753e-05
221,2023-11-01 13:05:00,418.3,418.3,418.12,81,418.12,7657,418.222453,0.00043049842150580413,0.00043049842150580413
222,2023-11-01 13:06:00,418.32,418.36,418.28,126,418.34,12334,418.323939,-4.7808003059668716e-05,0.00019125944343511748
223,2023-11-01 13:07:00,418.32,418.33,418.29,45,418.29,3457,418.320713,7.17205766333709e-05,9.56274355111612e-05
224,2023-11-01 13:08:00,418.33,418.35,418.23,47,418.34,1386,418.312403,-2.3904001529834358e-05,0.0002869234631662113
225,2023-11-01 13:09:00,418.38,418.38,418.3,78,418.32,9025,418.315084,0.00014343086632243802,0.00019125029882855388
226,2023-11-01 13:10:00,418.35,418.41,418.29,51,418.41,6270,418.345156,-0.00014340001434000687,0.0002868823065337554
227,2023-11-01 13:11:00,418.4,418.44,418.32,66,418.32,6031,418.37458,0.00019124115509653873,0.00028686173264487604
228,2023-11-01 13:12:00,418.4,418.42,418.38,47,418.38,1936,418.39952,4.780343228639469e-05,9.560686457292525e-05
229,2023-11-01 13:13:00,418.54,418.54,418.41,72,418.41,5366,418.473818,0.00031070003106999224,0.00031070003106999224
230,2023-11-01 13:14:00,418.65,418.66,418.59,97,418.59,7301,418.634496,0.00014333835017559492,0.0001672280752049739
231,2023-11-01 13:15:00,418.79,418.79,418.65,159,418.65,25530,418.694629,0.00033440821688771814,0.00033440821688771814
232,2023-11-01 13:16:00,418.8,418.86,418.77,160,418.79,15682,418.801182,2.387831610112683e-05,0.00021491510853220583
233,2023-11-01 13:17:00,418.82,418.82,418.74,91,418.77,14129,418.798725,0.00011939728251787705,0.00019104933849162746
234,2023-11-01 13:18:00,419.16,419.22,418.85,409,418.85,62225,419.031553,0.0007401217619672968,0.0008833711352512941
235,2023-11-01 13:19:00,419.38,419.38,419.2,362,419.22,46897,419.297287,0.0003816611802871241,0.00042938931297711554
236,2023-11-01 13:20:00,419.22,419.38,419.18,218,419.38,44938,419.270899,-0.0003815155706041494,0.0004771220000953973
237,2023-11-01 13:21:00,419.25,419.27,419.17,181,419.23,24475,419.224591,4.770650955318515e-05,0.00023856669131847673
238,2023-11-01 13:22:00,419.42,419.47,419.28,167,419.28,22236,419.376071,0.00033390574317888574,0.00045315779431419237
239,2023-11-01 13:23:00,419.44,419.51,419.43,135,419.44,15521,419.4753,0.0,0.00019073504518032588
240,2023-11-01 13:24:00,419.43,419.46,419.36,64,419.46,6323,419.417982,-7.15205263910092e-05,0.00023845860358633606
241,2023-11-01 13:25:00,419.38,419.38,419.28,95,419.38,10006,419.345173,0.0,0.0002385041022706133
242,2023-11-01 13:26:00,419.43,419.45,419.34,70,419.38,8031,419.379131,0.00011922361581384751,0.00026231697429296907
243,2023-11-01 13:27:00,419.46,419.51,419.42,140,419.46,20545,419.465206,0.0,0.00021458204186728096
244,2023-11-01 13:28:00,419.33,419.48,419.33,144,419.45,22602,419.38923,-0.0002860889259745013,0.0003577134953378821
245,2023-11-01 13:29:00,419.22,419.34,419.15,298,419.34,66219,419.244818,-0.00028616397195580607,0.00045329834188237564
246,2023-11-01 13:30:00,419.03,419.37,419.018,6207,419.2,773579,419.223893,-0.00040553435114507616,0.0008400593769242188
247,2023-11-01 13:31:00,418.67,419.04,418.6499,3015,419.04,316600,418.805754,-0.0008829705994654556,0.000931804832629885
248,2023-11-01 13:32:00,419.03,419.1,418.66,2326,418.67,234435,418.916276,0.0008598657653998538,0.0010509721492380397
249,2023-11-01 13:33:00,418.77,419.05,418.76,1912,419.02,180947,418.876819,-0.0005966302324471386,0.0006925207756233176
250,2023-11-01 13:34:00,418.875,418.965,418.7526,1571,418.76,148144,418.85455,0.0002746203075747662,0.0005072207312862114
251,2023-11-01 13:35:00,418.94,419.031,418.76,2352,418.88,254600,418.902546,0.00014323911382735455,0.0006471487248066076
252,2023-11-01 13:36:00,418.94,419.07,418.87,1700,418.94,185668,418.954159,0.0,0.00047747511160978017
253,2023-11-01 13:37:00,418.82,419.09,418.8,1388,418.945,146374,418.983581,-0.00029836852092756804,0.0006924546322826257
254,2023-11-01 13:38:00,418.84,419.07,418.77,1577,418.825,168607,418.933436,3.58144809884471e-05,0.0007163836951071265
255,2023-11-01 13:39:00,419.01,419.03,418.7387,1434,418.85,159227,418.891289,0.00038199832875723567,0.0006956605634969454
256,2023-11-01 13:40:00,419.03,419.11,418.81,2060,419.015,234724,418.960269,3.579824111305409e-05,0.0007163152742293913
257,2023-11-01 13:41:00,418.98,419.0399,418.8305,1325,419.0399,127650,418.951691,-0.00014294581494499816,0.0004999635890891816
258,2023-11-01 13:42:00,419.125,419.22,418.89,2081,418.99,241466,419.0858,0.00032220339387572714,0.0007877963188427533
259,2023-11-01 13:43:00,419.2409,419.33,419.05,1575,419.145,175353,419.200574,0.0002287991029358068,0.0006681780217157205
260,2023-11-01 13:44:00,419.1,419.29,419.02,1427,419.25,153475,419.148509,-0.0003577817531305361,0.0006443606510430019
261,2023-11-01 13:45:00,418.98,419.27,418.97,1868,419.095,237280,419.089777,-0.00027440079218317827,0.0007160417213641896
262,2023-11-01 13:46:00,419.47,419.48,418.87,2390,418.98,302582,419.106578,0.0011695068977039694,0.001456299090409945
263,2023-11-01 13:47:00,419.47,419.635,419.325,2840,419.48,379874,419.490412,-2.38390388099335e-05,0.0007392833720860962
264,2023-11-01 13:48:00,419.75,419.8234,419.47,2616,419.47,285426,419.630737,0.0006675089994516239,0.0008424917157364414
265,2023-11-01 13:49:00,419.76,419.85,419.535,2423,419.75,192554,419.702097,2.3823704586041464e-05,0.0007508312774857824
266,2023-11-01 13:50:00,419.68,419.86,419.64,2200,419.76,181142,419.735279,-0.0001905850962454357,0.0005242588885712213
267,2023-11-01 13:51:00,419.73,419.8,419.66,1998,419.68,158652,419.731003,0.00011913839115519292,0.00033360339322305283
268,2023-11-01 13:52:00,419.52,419.78,419.5,3344,419.73,347479,419.667848,-0.000500321635337089,0.0006674612634087549
269,2023-11-01 13:53:00,419.68,419.71,419.45,2327,419.56,202596,419.55174,0.00028601391934408556,0.0006198593396113742
270,2023-11-01 13:54:00,419.72,419.88,419.5999,2039,419.67,180326,419.779345,0.00011914123001408574,0.0006675406738657575
271,2023-11-01 13:55:00,419.71,419.79,419.65,1877,419.74,178758,419.730948,-7.147281650552618e-05,0.00033361134278575767
272,2023-11-01 13:56:00,419.52,419.74,419.465,1545,419.72,135244,419.544075,-0.00047650814828944404,0.0006555970104777136
273,2023-11-01 13:57:00,419.61,419.69,419.47,1653,419.5189,184146,419.526589,0.00021715350607574518,0.0005244713567119709
274,2023-11-01 13:58:00,419.3799,419.635,419.36,1366,419.601,132890,419.513014,-0.000526929154124939,0.0006557611598625936
275,2023-11-01 13:59:00,419.475,419.59,419.36,1198,419.36,104247,419.485304,0.00027422739412440167,0.0005484547882486678
276,2023-11-01 14:00:00,419.64,420.44,419.48,6710,419.48,655263,419.907674,0.000381424620959207,0.0022885477257556484
277,2023-11-01 14:01:00,419.99,420.05,419.61,3042,419.62,368118,419.833173,0.0008817501549020651,0.0010485927408784292
278,2023-11-01 14:02:00,419.86,420.195,419.84,3462,419.99,385622,420.013657,-0.00030953117931378234,0.0008455602134146775
279,2023-11-01 14:03:00,419.82,420.13,419.78,1919,419.86,213318,419.950531,-9.52698518554291e-05,0.0008337700700367401
280,2023-11-01 14:04:00,419.77,419.93,419.68,1746,419.84,177864,419.788293,-0.00016673018292681302,0.0005956919557758292
281,2023-11-01 14:05:00,419.38,419.91,419.32,3016,419.76,579193,419.033953,-0.0009052792071659888,0.001407039969474463
282,2023-11-01 14:06:00,419.6,419.655,419.17,3010,419.34,316787,419.377646,0.0006200219392379639,0.0011570484528949036
283,2023-11-01 14:07:00,419.45,419.76,419.371,2150,419.61,222562,419.562217,-0.00038130645122858134,0.0009275796371232394
284,2023-11-01 14:08:00,419.555,419.57,419.32,2463,419.445,285378,419.471907,0.0002622513082764454,0.0005962033768959267
285,2023-11-01 14:09:00,419.63,419.77,419.485,1630,419.56,184389,419.601922,0.000166841452950694,0.0006794045079084309
286,2023-11-01 14:10:00,419.6,419.7,419.42,1638,419.645,176182,419.565761,-0.00010723349497780047,0.000667588574698328
287,2023-11-01 14:11:00,419.57,419.7,419.44,1688,419.59,162977,419.586424,-4.766557830258541e-05,0.0006198741178714259
288,2023-11-01 14:12:00,419.585,419.8,419.51,1985,419.56,219944,419.67816,5.9586233196628046e-05,0.0006912826869443409
289,2023-11-01 14:13:00,420.0709,420.08,419.58,1756,419.59,172674,419.825108,0.0011461188302867554,0.001191667858334525
290,2023-11-01 14:14:00,420.08,420.24,419.98,2611,420.075,393229,420.096168,1.19026364339593e-05,0.0006190770989094502
291,2023-11-01 14:15:00,420.18,420.3,420.05,3523,420.09,346680,420.182307,0.00021423980575598523,0.0005951672419950006
292,2023-11-01 14:16:00,420.15,420.24,419.96,1508,420.24,128864,420.115676,-0.00021416333523708317,0.0006667301647776683
293,2023-11-01 14:17:00,420.16,420.31,420.13,1210,420.16,122362,420.197435,0.0,0.0004284388165567963
294,2023-11-01 14:18:00,420.16,420.209,420.0627,1090,420.16,107000,420.141033,0.0,0.00034828133990472506
295,2023-11-01 14:19:00,420.3399,420.3699,420.11,1985,420.17,183217,420.275021,0.0004043601399433186,0.0006186474970839998
296,2023-11-01 14:20:00,420.665,420.75,420.32,2533,420.34,285005,420.551127,0.00077318361326556,0.0010230300723258633
297,2023-11-01 14:21:00,420.65,420.76,420.56,1866,420.665,175111,420.660488,-3.565782748753331e-05,0.00047555640098913027
298,2023-11-01 14:22:00,421.0081,421.01,420.64,3022,420.66,309864,420.853384,0.000827509152284477,0.0008796120197793946
299,2023-11-01 14:23:00,421.267,421.32,420.98,4060,421.005,490800,421.155876,0.0006223203999952506,0.000807639317782258
300,2023-11-01 14:24:00,421.38,421.46,421.21,4604,421.27,528614,421.332528,0.00026111519927840494,0.0005935281688468935
301,2023-11-01 14:25:00,421.425,421.46,421.23,2962,421.38,358758,421.371504,0.00010679196924395063,0.0005460199890795084
302,2023-11-01 14:26:00,421.3,421.46,421.2103,2276,421.43,267256,421.319967,-0.0003084735305981906,0.0005928155128209392
303,2023-11-01 14:27:00,421.3,421.37,421.21,1649,421.3,171194,421.2981,0.0,0.00037985802806207123
304,2023-11-01 14:28:00,421.18,421.35,421.11,2241,421.3003,495958,419.735063,-0.00028554453913274234,0.0005699223480800957
305,2023-11-01 14:29:00,421.165,421.32,421.115,1437,421.19,173393,421.227858,-5.9355635223954184e-05,0.0004868028923215371
306,2023-11-01 14:30:00,421.23,421.41,421.16,1662,421.16,207661,421.264388,0.0001662076170576341,0.000593598632348751
307,2023-11-01 14:31:00,421.11,421.26,421.04,1973,421.25,185542,421.133898,-0.00033234421364981923,0.0005225156754701939
308,2023-11-01 14:32:00,421.2155,421.23,421.06,2002,421.12,219593,421.125663,0.00022677621580550783,0.00040374293449868407
309,2023-11-01 14:33:00,421.16,421.36,421.15,1679,421.22,164518,421.268815,-0.00014244337875694951,0.0004986346907278556
310,2023-11-01 14:34:00,421.29,421.36,421.1701,1431,421.1799,119733,421.290058,0.00026140848601760293,0.00045088670824453784
311,2023-11-01 14:35:00,421.21,421.35,421.14,1399,421.29,118389,421.255128,-0.00018989294785074634,0.0004986465308449361
312,2023-11-01 14:36:00,421.43,421.49,421.2169,1968,421.2169,191799,421.400378,0.0005059151235384838,0.0006483595506258164
313,2023-11-01 14:37:00,421.58,421.6,421.3701,1912,421.4218,178215,421.476951,0.00037539586229275575,0.0005456011235729429
314,2023-11-01 14:38:00,421.28,421.61,421.19,1456,421.58,137916,421.424443,-0.0007116087100906385,0.000997174671763375
315,2023-11-01 14:39:00,421.3904,421.4,421.165,1236,421.27,100965,421.263213,0.00028580245448291553,0.0005579760901308437
316,2023-11-01 14:40:00,421.365,421.505,421.29,2123,421.39,217158,421.408964,-5.932746386952055e-05,0.0005103372973485603
317,2023-11-01 14:41:00,421.39,421.46,421.34,1136,421.365,118111,421.407738,5.9330983826319846e-05,0.00028480562016424874
318,2023-11-01 14:42:00,421.37,421.465,421.34,1645,421.41,180615,421.414209,-9.491943712778639e-05,0.0002966725210044145
319,2023-11-01 14:43:00,421.5,421.52,421.36,1487,421.36,178695,421.454773,0.0003322574520599638,0.00037972280235420584
320,2023-11-01 14:44:00,421.6,421.66,421.49,1511,421.52,174247,421.587179,0.00018978933383953533,0.00040333103988236
321,2023-11-01 14:45:00,421.7399,421.83,421.595,2981,421.62,355054,421.721035,0.0002843792988946748,0.0005574069901207481
322,2023-11-01 14:46:00,421.78,421.9,421.735,1994,421.74,227031,421.809851,9.484516526761421e-05,0.0003912409451431909
323,2023-11-01 14:47:00,421.38,421.785,421.3685,2196,421.785,235371,421.520445,-0.0009602048437000593,0.000988445980181342
324,2023-11-01 14:48:00,421.29,421.44,421.27,1596,421.3896,165587,421.352342,-0.0002363608404192999,0.0004035416716120681
325,2023-11-01 14:49:00,421.24,421.32,421.15,1007,421.28,121495,421.238204,-9.494872768696265e-05,0.00040365665439870814
326,2023-11-01 14:50:00,421.1812,421.25,421.055,1560,421.24,195978,421.132013,-0.0001395878833919364,0.00046312239493651226
327,2023-11-01 14:51:00,421.24,421.3801,421.18,1317,421.18,168005,421.290072,0.0001424569067857027,0.0004750937841303489
328,2023-11-01 14:52:00,421.33,421.3591,421.21,1421,421.23,147725,421.276843,0.0002373999952519191,0.0003539801999003648
329,2023-11-01 14:53:00,421.36,421.36,421.23,1160,421.34,124511,421.291001,4.746760336079806e-05,0.00030861999382758934
330,2023-11-01 14:54:00,421.13,421.39,421.095,1538,421.37,226328,421.188779,-0.0005695706860953772,0.0007005545067026658
331,2023-11-01 14:55:00,421.31,421.35,421.06,2725,421.13,375257,421.229824,0.0004274214613065011,0.0006887379470859746
332,2023-11-01 14:56:00,421.3,421.39,421.26,1405,421.32,272547,421.337344,-4.7469856640989774e-05,0.0003085980154773666
333,2023-11-01 14:57:00,421.1899,421.35,421.18,1248,421.31,280611,421.26531,-0.0002850632550852803,0.00040362790255951355
334,2023-11-01 14:58:00,421.22,421.2599,421.13,1086,421.19,142088,421.203552,7.122676226887997e-05,0.0003084558212428954
335,2023-11-01 14:59:00,421.25,421.2974,421.1176,1158,421.2197,131335,421.222414,7.193395750486289e-05,0.0004269591202077524
336,2023-11-01 15:00:00,421.15,421.305,421.1,1411,421.26,181630,421.207617,-0.0002611213977116594,0.00048682023272378073
337,2023-11-01 15:01:00,421.31,421.345,421.155,1248,421.1585,136457,421.270537,0.0003597220523864498,0.00045114031651067796
338,2023-11-01 15:02:00,421.46,421.49,421.29,1752,421.31,211459,421.42135,0.00035603237521059854,0.000474732369626596
339,2023-11-01 15:03:00,421.54,421.54,421.43,1595,421.46,234381,421.482061,0.0001898163526788804,0.0002610160643523566
340,2023-11-01 15:04:00,421.535,421.615,421.5,1354,421.54,712756,421.513485,-1.1861270579293667e-05,0.0002728351126927855
341,2023-11-01 15:05:00,421.52,421.585,421.4001,1225,421.535,167511,421.490507,-3.558423381224145e-05,0.00043877540608075444
342,2023-11-01 15:06:00,421.53,421.535,421.45,2080,421.52,238853,421.50376,2.37236667299082e-05,0.00020168466010211505
343,2023-11-01 15:07:00,421.355,421.53,421.34,1999,421.53,187969,421.42254,-0.00041515431879096275,0.00045094223192670464
344,2023-11-01 15:08:00,421.5201,421.54,421.32,1716,421.36,193644,421.433494,0.00037996012910575255,0.0005221684230514272
345,2023-11-01 15:09:00,421.56,421.56,421.43,1155,421.515,650818,421.416214,0.00010675776662755992,0.0003084735305981906
346,2023-11-01 15:10:00,421.275,421.58,421.25,1991,421.555,214913,421.418552,-0.0006642075174058653,0.0007833827893174697
347,2023-11-01 15:11:00,421.01,421.33,421.0,1442,421.28,258869,421.194064,-0.0006409039118875376,0.0007838479809975869
348,2023-11-01 15:12:00,420.61,421.0097,420.61,2891,421.009,377224,420.815283,-0.0009477232078174122,0.0009502864886712054
349,2023-11-01 15:13:00,420.66,420.75,420.535,2195,420.62,283162,420.662365,9.50977129000534e-05,0.0005112535222989168
350,2023-11-01 15:14:00,420.79,420.8295,420.635,1181,420.67,154035,420.734417,0.0002852592293246596,0.00046239613917055167
351,2023-11-01 15:15:00,420.57,420.82,420.52,1927,420.79,244703,420.663117,-0.0005228261127879163,0.0007134024541044692
352,2023-11-01 15:16:00,420.565,420.66,420.46,1736,420.57,235078,420.570585,-1.1888627339076617e-05,0.00047566950482815363
353,2023-11-01 15:17:00,420.565,420.64,420.48,1075,420.565,140476,420.57099,0.0,0.00038051750380509934
354,2023-11-01 15:18:00,420.51,420.58,420.48,576,420.58,76961,420.532951,-0.00016643682533642394,0.0002378234398781533
355,2023-11-01 15:19:00,420.5876,420.63,420.52,1436,420.53,191990,420.578257,0.00013697001403000094,0.0002615808998383279
356,2023-11-01 15:20:00,420.4,420.63,420.33,1078,420.59,139255,420.420925,-0.00045174635630898914,0.0007137249304118463
357,2023-11-01 15:21:00,420.355,420.49,420.31,1650,420.4,202388,420.423763,-0.00010704091341569713,0.00042825533534773574
358,2023-11-01 15:22:00,420.26,420.4099,420.2282,1014,420.35,107733,420.305173,-0.0002141072915428377,0.000432384118914385
359,2023-11-01 15:23:00,420.31,420.34,420.23,799,420.2491,99439,420.307054,0.0001449140521657363,0.00026176141636712465
360,2023-11-01 15:24:00,420.525,420.55,420.2801,1762,420.33,197498,420.393546,0.0004639212047676663,0.0006421907675381416
361,2023-11-01 15:25:00,420.535,420.6,420.48,841,420.53,87389,420.529507,1.1889758162443336e-05,0.0002853881278538921
362,2023-11-01 15:26:00,420.52,420.58,420.49,834,420.53,79201,420.533809,-2.377951632461633e-05,0.00021403600561244022
363,2023-11-01 15:27:00,420.37,420.54,420.36,601,420.51,53474,420.439917,-0.00033292906232904414,0.00042820439623181755
364,2023-11-01 15:28:00,420.255,420.43,420.23,965,420.3801,365126,420.39134,-0.00029758782587480174,0.0004759298479403865
365,2023-11-01 15:29:00,420.39,420.4,420.24,513,420.25,47842,420.307898,0.00033313503866742736,0.00038073481819904853
366,2023-11-01 15:30:00,420.35,420.39,420.235,831,420.39,76301,420.310907,-9.514974190623854e-05,0.0003688412435898312
367,2023-11-01 15:31:00,420.5,420.54,420.3501,883,420.37,107591,420.467329,0.0003092513737897458,0.0004517662776814442
368,2023-11-01 15:32:00,420.46,420.49,420.315,952,420.49,107569,420.408124,-7.134533520423686e-05,0.0004163544008660442
369,2023-11-01 15:33:00,420.32,420.51,420.2832,1087,420.46,118294,420.426633,-0.0003329686533795994,0.0005396361310658356
370,2023-11-01 15:34:00,420.41,420.44,420.29,492,420.32,49064,420.382057,0.0002141225732775786,0.0003568964286563498
371,2023-11-01 15:35:00,420.56,420.56,420.36,632,420.42,63156,420.463322,0.00033300033300030053,0.00047578266247975216
372,2023-11-01 15:36:00,420.53,420.6,420.46,1190,420.56,146508,420.535082,-7.133346014844389e-05,0.0003329686533797346
373,2023-11-01 15:37:00,420.5617,420.595,420.46,712,420.54,98670,420.521431,5.160032339362006e-05,0.0003210769157590443
374,2023-11-01 15:38:00,420.57,420.6577,420.525,1114,420.56,124016,420.579129,2.377782004943624e-05,0.00031555793353546123
375,2023-11-01 15:39:00,420.42,420.58,420.4049,763,420.58,100067,420.483262,-0.00038042702934035894,0.0004165032329546736
376,2023-11-01 15:40:00,420.58,420.6,420.35,1573,420.425,229080,420.457096,0.00036867455550924113,0.0005947424765076722
377,2023-11-01 15:41:00,420.565,420.6,420.48,604,420.58,72600,420.554045,-3.5665034000633314e-05,0.0002853881278538921
378,2023-11-01 15:42:00,420.5,420.585,420.47,750,420.56,72634,420.519588,-0.0001426669202967526,0.0002735034604132334
379,2023-11-01 15:43:00,420.6172,420.65,420.435,1147,420.4889,116912,420.556268,0.00030512101508511707,0.0005113751233840546
380,2023-11-01 15:44:00,420.66,420.68,420.59,574,420.61,61192,420.630295,0.00011887496730941101,0.0002139851161464415
381,2023-11-01 15:45:00,420.66,420.71,420.59,706,420.66,70302,420.640997,0.0,0.00028531348819516527
382,2023-11-01 15:46:00,420.7379,420.76,420.6301,1482,420.6616,205689,420.707153,0.00018138094848686774,0.00030882240714576463
383,2023-11-01 15:47:00,420.77,420.7972,420.64,663,420.74,100977,420.672102,7.130294243469295e-05,0.0003737162419170524
384,2023-11-01 15:48:00,420.67,420.78,420.65,697,420.77,72183,420.718871,-0.00023765952895873256,0.000309045524783063
385,2023-11-01 15:49:00,420.6878,420.725,420.605,683,420.67,61298,420.667327,4.2313452349741174e-05,0.000285303313084734
386,2023-11-01 15:50:00,420.54,420.72,420.52,1103,420.6771,140556,420.581672,-0.00032590316896254957,0.00047560163606973624
387,2023-11-01 15:51:00,420.605,420.6397,420.45,830,420.52,102021,420.511245,0.00020213069532967846,0.0004511832560352389
388,2023-11-01 15:52:00,420.709,420.72,420.53,718,420.6,92240,420.614706,0.0002591535901093211,0.000451810810168251
389,2023-11-01 15:53:00,420.7906,420.8364,420.6701,1079,420.7197,157806,420.782853,0.00016852075146467978,0.0003953216546648673
390,2023-11-01 15:54:00,420.8,420.84,420.76,600,420.79,46141,420.801475,2.3764823308517087e-05,0.00019013214183854
391,2023-11-01 15:55:00,420.795,420.83,420.7401,647,420.79,75894,420.787951,1.1882411654258543e-05,0.0002136711000448973
392,2023-11-01 15:56:00,420.865,420.88,420.7419,541,420.8,62030,420.814031,0.0001544676806083596,0.00032822972943747356
393,2023-11-01 15:57:00,420.837,420.88,420.8003,480,420.87,48645,420.838571,-7.840900990808435e-05,0.00018940100565518263
394,2023-11-01 15:58:00,420.83,420.84,420.7301,791,420.83,82517,420.790124,0.0,0.0002612125921106712
395,2023-11-01 15:59:00,420.7209,420.86,420.7,716,420.8286,72495,420.795212,-0.00025592367058708117,0.00038031851675784413
396,2023-11-01 16:00:00,420.63,420.735,420.6099,770,420.735,74050,420.6598,-0.0002495632642875401,0.00029742523892098535
397,2023-11-01 16:01:00,420.52,420.66,420.42,1134,420.63,152472,420.506171,-0.0002615124931650468,0.0005708577137148781
398,2023-11-01 16:02:00,420.505,420.585,420.42,1339,420.52,162406,420.500717,-3.5670122705189666e-05,0.00039246467817887734
399,2023-11-01 16:03:00,420.625,420.655,420.465,563,420.51,70866,420.587351,0.0002734774440560488,0.0004518806559404415
400,2023-11-01 16:04:00,420.5488,420.655,420.5132,734,420.625,88502,420.609266,-0.00018115898959874383,0.0003372070127643776
401,2023-11-01 16:05:00,420.44,420.5505,420.41,653,420.5505,75531,420.453482,-0.0002627508468067493,0.0003341975690396863
402,2023-11-01 16:06:00,420.675,420.685,420.43,836,420.44,83416,420.54048,0.0005589382551612921,0.000606521894251113
403,2023-11-01 16:07:00,420.5,420.69,420.42,1620,420.6695,174326,420.548723,-0.00040292914033469916,0.0006422149279291704
404,2023-11-01 16:08:00,420.2166,420.6,420.15,1741,420.52,177847,420.332066,-0.0007214876819175158,0.0010710460549804724
405,2023-11-01 16:09:00,420.4148,420.45,420.21,1134,420.21,144759,420.3374,0.0004873753599391597,0.0005711429999286288
406,2023-11-01 16:10:00,420.58,420.58,420.419,846,420.419,94393,420.48811,0.00038295129382830313,0.00038295129382830313
407,2023-11-01 16:11:00,420.265,420.585,420.235,758,420.58,71500,420.43334,-0.0007489657140139753,0.0008328673242351682
408,2023-11-01 16:12:00,420.285,420.35,420.2401,688,420.26,84386,420.29859,5.948698424792773e-05,0.00026151716602018405
409,2023-11-01 16:13:00,420.23,420.3189,420.2,649,420.28,82039,420.259823,-0.00011896830684294881,0.0002829604950023714
410,2023-11-01 16:14:00,420.11,420.26,420.11,657,420.22,61184,420.181734,-0.0002617676455190463,0.00035704934421931697
411,2023-11-01 16:15:00,420.05,420.168,419.94,1694,420.15,209593,420.034022,-0.00023801023443999975,0.0005429347049578717
412,2023-11-01 16:16:00,419.91,420.11,419.91,614,420.03,62037,420.040094,-0.0002856938790085178,0.0004762925388773514
413,2023-11-01 16:17:00,419.895,419.9287,419.845,904,419.91,114877,419.88309,-3.5721940415906266e-05,0.00019935928735596422
414,2023-11-01 16:18:00,419.865,419.94,419.83,1184,419.895,152563,419.887539,-7.144643303676566e-05,0.00026201081390089717
415,2023-11-01 16:19:00,420.06,420.0886,419.84,955,419.85,119272,419.963033,0.000500178635226818,0.0005921303353658784
416,2023-11-01 16:20:00,420.08,420.0901,419.94,1141,420.04,121341,420.019594,9.522902580697938e-05,0.00035743201409727345
417,2023-11-01 16:21:00,420.2,420.23,420.08,841,420.09,102068,420.138031,0.00026184865147947737,0.00035707484288715035
418,2023-11-01 16:22:00,420.09,420.2275,420.08,666,420.205,86238,420.150359,-0.0002736759438845542,0.0003511235955057046
419,2023-11-01 16:23:00,420.1086,420.1101,419.99,511,420.0827,50496,420.050696,6.165452659687143e-05,0.0002859591895044631
420,2023-11-01 16:24:00,420.07,420.13,420.045,581,420.13,52747,420.084069,-0.00014281293885226544,0.0002023592710304361
421,2023-11-01 16:25:00,419.95,420.09,419.89,858,420.08,145452,419.982633,-0.0003094648638354491,0.00047631522541615335
422,2023-11-01 16:26:00,419.98,420.0,419.875,626,419.94,60420,419.919884,9.525170262423314e-05,0.00029770765108663293
423,2023-11-01 16:27:00,420.05,420.071,419.93,507,419.97,52401,419.996271,0.00019048979689021615,0.00033577024742223596
424,2023-11-01 16:28:00,420.07,420.09,419.965,720,420.04,116027,420.024728,7.142176935523453e-05,0.00029764385127332044
425,2023-11-01 16:29:00,420.02,420.071,419.985,594,420.055,93136,420.011857,-8.332242206383691e-05,0.00020476921794829037
426,2023-11-01 16:30:00,420.155,420.18,419.99,681,420.02,69243,420.074504,0.00032141326603492905,0.0004523917236124615
427,2023-11-01 16:31:00,420.145,420.17,420.04,698,420.16,52880,420.104446,-3.570068545326352e-05,0.00030949433387295365
428,2023-11-01 16:32:00,420.25,420.26,420.145,621,420.145,70322,420.196748,0.00024991372026328574,0.0002737150269550015
429,2023-11-01 16:33:00,420.32,420.36,420.205,768,420.25,91937,420.268016,0.00016656751933371368,0.0003688675765400925
430,2023-11-01 16:34:00,420.17,420.36,420.145,689,420.33,77138,420.254168,-0.00038065329621956125,0.0005117280938724294
431,2023-11-01 16:35:00,420.0,420.21,419.98,901,420.17,208560,420.042582,-0.00040459813884859917,0.0005476451259582869
432,2023-11-01 16:36:00,420.1,420.11,419.915,655,419.99,82729,419.992076,0.0002619109978809344,0.00046437969589081877
433,2023-11-01 16:37:00,419.99,420.0998,419.91,453,420.099,42061,419.990247,-0.0002594626504704378,0.00045200161939461096
434,2023-11-01 16:38:00,419.7204,420.0,419.72,1332,419.97,156761,419.872079,-0.0005943281662976964,0.000667111407605005
435,2023-11-01 16:39:00,419.7,419.815,419.635,1190,419.715,183705,419.767504,-3.5738536864268274e-05,0.00042894420150847
436,2023-11-01 16:40:00,419.42,419.73,419.36,1566,419.7,167481,419.529763,-0.0006671431975219746,0.0008822968332697551
437,2023-11-01 16:41:00,419.3631,419.47,419.32,1081,419.43,123021,419.380641,-0.00015950218153215645,0.0003577220261376374
438,2023-11-01 16:42:00,419.475,419.51,419.3,1455,419.36,180721,419.424808,0.00027422739412440167,0.0005008347245408527
439,2023-11-01 16:43:00,419.4,419.46,419.305,1050,419.46,99850,419.357205,-0.0001430410527821539,0.0003696593172034026
440,2023-11-01 16:44:00,419.5127,419.53,419.37,915,419.4096,113772,419.467776,0.0002458217456157025,0.0003815246679542365
441,2023-11-01 16:45:00,419.675,419.71,419.5,1010,419.51,103398,419.599619,0.00039331601153731846,0.0005005959475565663
442,2023-11-01 16:46:00,419.48,419.65,419.4468,1098,419.65,147364,419.511038,-0.0004050994876681975,0.00048444761051933446
443,2023-11-01 16:47:00,419.72,419.72,419.44,1016,419.481,112015,419.563357,0.0005697516693247912,0.0006675567423231679
444,2023-11-01 16:48:00,419.645,419.7301,419.5701,644,419.7099,112465,419.639961,-0.00015463061509872136,0.0003813427124572703
445,2023-11-01 16:49:00,419.67,419.745,419.65,518,419.65,47761,419.705956,4.765876325518564e-05,0.0002263791254617593
446,2023-11-01 16:50:00,419.63,419.7699,419.575,582,419.69,47380,419.662416,-0.00014296266291787338,0.00046451766668657163
447,2023-11-01 16:51:00,419.71,419.73,419.555,480,419.63,40311,419.627459,0.00019064413888421726,0.000417108603162902
448,2023-11-01 16:52:00,419.765,419.775,419.6,736,419.71,68032,419.676133,0.00013104286292918164,0.00041706387035260847
449,2023-11-01 16:53:00,419.83,419.88,419.73,908,419.76,121374,419.807902,0.00016676195921477315,0.00035737259666923323
450,2023-11-01 16:54:00,419.78,419.841,419.72,466,419.82,45103,419.779551,-9.527892906488605e-05,0.0002882874297150026
451,2023-11-01 16:55:00,419.79,419.825,419.69,832,419.78,94279,419.74667,2.3822002001161914e-05,0.0003216659915651812
452,2023-11-01 16:56:00,419.905,419.91,419.8,634,419.8,75789,419.864614,0.00025011910433530573,0.00026202953787521116
453,2023-11-01 16:57:00,419.7901,419.91,419.77,784,419.91,99144,419.844746,-0.000285537377057059,0.0003335159730329543
454,2023-11-01 16:58:00,419.82,419.89,419.77,517,419.8,70857,419.834934,4.764173415908006e-05,0.00028587083402816914
455,2023-11-01 16:59:00,419.75,419.83,419.695,1084,419.8,152235,419.755106,-0.00011910433539783555,0.0003216621594252753
456,2023-11-01 17:00:00,419.7373,419.8499,419.68,680,419.755,70234,419.74708,-4.21674548248162e-05,0.0004048322531452158
457,2023-11-01 17:01:00,419.695,419.73,419.56,646,419.72,69766,419.634976,-5.9563518536248227e-05,0.00040518638573747715
458,2023-11-01 17:02:00,419.63,419.74,419.62,549,419.69,577680,420.614028,-0.00014296266291787338,0.0002859730232114879
459,2023-11-01 17:03:00,419.51,419.65,419.51,514,419.63,67427,419.602143,-0.0002859662083263936,0.00033372267645583265
460,2023-11-01 17:04:00,419.55,419.575,419.5,472,419.53,64911,419.528253,4.767239529959396e-05,0.00017878426698447826
461,2023-11-01 17:05:00,419.6204,419.68,419.51,560,419.54,54529,419.611068,0.00019163846117175326,0.0004052346785535885
462,2023-11-01 17:06:00,419.82,419.82,419.56,555,419.62,56878,419.69114,0.00047662170535243465,0.0006196968252454736
463,2023-11-01 17:07:00,419.9801,420.02,419.82,1577,419.82,192664,419.925692,0.0003813539135820111,0.0004763946453241595
464,2023-11-01 17:08:00,419.88,419.99,419.83,792,419.99,84444,419.908989,-0.0002619109978809344,0.00038110663840131725
465,2023-11-01 17:09:00,419.9001,419.92,419.79,484,419.871,52837,419.859465,6.930700143622232e-05,0.0003096786488482228
466,2023-11-01 17:10:00,420.0999,420.13,419.865,1274,419.905,148523,420.011259,0.0004641526059466267,0.0006311552522834396
467,2023-11-01 17:11:00,420.1396,420.15,420.03,1040,420.1,111743,420.096769,9.426327064972706e-05,0.0002856938790086531
468,2023-11-01 17:12:00,420.38,420.39,420.12,1289,420.14,167557,420.252638,0.0005712381587090234,0.0006426735218508564
469,2023-11-01 17:13:00,420.29,420.4,420.26,1208,420.37,140165,420.283111,-0.00019030853771673546,0.00033312711178790837
470,2023-11-01 17:14:00,420.27,420.321,420.23,721,420.291,75060,420.269866,-4.996538112882505e-05,0.00021654808081290764
471,2023-11-01 17:15:00,420.195,420.41,420.19,1163,420.271,144150,420.259483,-0.00018083569887054264,0.0005235726695067167
472,2023-11-01 17:16:00,420.19,420.21,420.11,820,420.18,87591,420.157866,2.3799324099173938e-05,0.00023803289614616623
473,2023-11-01 17:17:00,420.18,420.21,420.11,662,420.18,74317,420.180765,0.0,0.00023803289614616623
474,2023-11-01 17:18:00,420.29,420.3,420.15,771,420.16,96652,420.237566,0.00030940594059404857,0.00035701535166020255
475,2023-11-01 17:19:00,420.2,420.29,420.13,570,420.29,54679,420.196667,-0.00021413785719391807,0.00038083450360608623
476,2023-11-01 17:20:00,420.1237,420.22,420.1,609,420.19,62060,420.167817,-0.00015778576358317062,0.00028564627469651165
477,2023-11-01 17:21:00,420.08,420.17,420.04,510,420.13,53956,420.093227,-0.00011901078237691041,0.00030949433387295365
478,2023-11-01 17:22:00,419.8472,420.085,419.84,856,420.08,94016,419.934913,-0.0005541801561607252,0.0005835556402439133
479,2023-11-01 17:23:00,419.7,419.9,419.69,1591,419.84,165865,419.784988,-0.00033346036585362604,0.0005003693202124891
480,2023-11-01 17:24:00,419.61,419.71,419.525,1217,419.68,130049,419.59739,-0.00016679374761721592,0.00044097491210297904
481,2023-11-01 17:25:00,419.55,419.64,419.51,776,419.62,95281,419.57555,-0.00016681759687334536,0.00030988534242329255
482,2023-11-01 17:26:00,419.5499,419.625,419.45,1217,419.54,134538,419.541548,2.359727320388798e-05,0.00041721301704615896
483,2023-11-01 17:27:00,419.7499,419.7727,419.53,772,419.54,97074,419.664637,0.0005003098631834977,0.0005785045169594868
484,2023-11-01 17:28:00,419.84,419.91,419.7101,1239,419.7486,140362,419.824963,0.00021774938618011978,0.00047628112833123084
485,2023-11-01 17:29:00,419.82,419.86,419.76,598,419.85,53721,419.809906,-7.145409074676565e-05,0.00023823137030689617
486,2023-11-01 17:30:00,419.81,419.83,419.67,975,419.81,81018,419.755477,0.0,0.00038125193604491187
487,2023-11-01 17:31:00,419.66,419.82,419.66,868,419.8,80076,419.732606,-0.00033349213911383125,0.0003812610208263074
488,2023-11-01 17:32:00,419.4604,419.675,419.46,1504,419.67,157395,419.535955,-0.0004994400362189889,0.0005125637724694413
489,2023-11-01 17:33:00,419.49,419.535,419.39,1209,419.46,119229,419.454542,7.152052639114471e-05,0.0003457402417798199
490,2023-11-01 17:34:00,419.41,419.53,419.375,857,419.49,93612,419.443566,-0.00019070776418981164,0.0003695976154991898
491,2023-11-01 17:35:00,419.46,419.55,419.395,946,419.41,110132,419.477105,0.00011921508786141132,0.00036957999022408365
492,2023-11-01 17:36:00,419.55,419.598,419.43,675,419.47,76354,419.517311,0.0001907168569861589,0.0004005435948787792
493,2023-11-01 17:37:00,419.59,419.6,419.49,451,419.55,38988,419.523241,9.534024550104546e-05,0.0002622231757610757
494,2023-11-01 17:38:00,419.63,419.68,419.525,757,419.59,76191,419.607975,9.533115660530629e-05,0.0003694654668971565
495,2023-11-01 17:39:00,419.7064,419.72,419.63,691,419.64,71998,419.676534,0.00015823086455053704,0.00021447465624486293
496,2023-11-01 17:40:00,419.78,419.79,419.56,768,419.7,83778,419.685623,0.00019061234214911625,0.00054819334540952
497,2023-11-01 17:41:00,419.94,419.995,419.725,929,419.75,103982,419.872755,0.0004526503871351941,0.0006432783370063298
498,2023-11-01 17:42:00,420.04,420.04,419.89,927,419.94,83461,419.957733,0.00023812925656051517,0.00035723641906221655
499,2023-11-01 17:43:00,420.07,420.08,420.0,1024,420.04,227312,419.88019,7.142176935523453e-05,0.0001904761904761526
500,2023-11-01 17:44:00,420.03,420.11,420.0228,771,420.07,83590,420.07105,-9.522222486733274e-05,0.00020760777748254553
501,2023-11-01 17:45:00,419.835,420.035,419.8,1253,420.035,136744,419.914505,-0.00047615079695750466,0.0005597903763697324
502,2023-11-01 17:46:00,419.6699,419.855,419.6103,847,419.841,96427,419.737053,-0.00040753523357657783,0.0005831601369175709
503,2023-11-01 17:47:00,419.64,419.7,419.58,701,419.67,92657,419.655847,-7.148473800850563e-05,0.00028600028600029686
504,2023-11-01 17:48:00,419.75,419.75,419.555,861,419.629,107266,419.673977,0.0002883499472152327,0.0004647781578100444
505,2023-11-01 17:49:00,419.81,419.8273,419.69,1074,419.74,117892,419.768635,0.00016676990517938052,0.00032714622697701157
506,2023-11-01 17:50:00,419.9265,419.945,419.8,929,419.82,92924,419.863786,0.0002536801486350882,0.00034540257265360127
507,2023-11-01 17:51:00,420.12,420.1493,419.87,1000,419.92,97433,419.988758,0.0004762811964183383,0.0006652058970633241
508,2023-11-01 17:52:00,420.17,420.26,420.09,1093,420.11,117254,420.185332,0.00014281973768775385,0.0004046751886500891
509,2023-11-01 17:53:00,420.01,420.16,419.995,852,420.16,113225,420.089676,-0.0003570068545316882,0.00039286181978361755
510,2023-11-01 17:54:00,420.03,420.12,420.0,630,420.02,58971,420.053799,2.3808390076641364e-05,0.0002857142857142965
511,2023-11-01 17:55:00,419.9,420.05,419.88,891,420.03,128502,419.93154,-0.00030950170225935164,0.0004048775840716774
512,2023-11-01 17:56:00,420.01,420.01,419.8721,587,419.8971,69976,419.964251,0.00026887539828202625,0.0003284333491079829
513,2023-11-01 17:57:00,419.95,419.99,419.89,626,419.99,55219,419.948872,-9.524036286583124e-05,0.00023815761270814438
514,2023-11-01 17:58:00,420.19,420.21,419.92,1049,419.955,132393,420.091534,0.0005595837649272271,0.0006906077348065432
515,2023-11-01 17:59:00,420.14,420.18,420.03,791,420.18,109372,420.114049,-9.519729639683103e-05,0.000357117348760884
516,2023-11-01 18:00:00,420.745,420.96,420.0801,4799,420.1,529323,420.641516,0.0015353487264936486,0.0020946005297560245
517,2023-11-01 18:01:00,419.73,420.81,419.66,4623,420.72,499727,420.162054,-0.002353108956075321,0.0027403135871895755
518,2023-11-01 18:02:00,420.281,420.4075,419.68,2472,419.72,325213,420.151051,0.0013366053559515359,0.0017334635913077118
519,2023-11-01 18:03:00,420.34,420.6,420.09,2611,420.28,304855,420.386741,0.00014276196821167382,0.0012140255659502672
520,2023-11-01 18:04:00,420.16,420.4,419.94,2021,420.34,255548,420.094378,-0.00042822477042382353,0.001095394580178072
521,2023-11-01 18:05:00,420.34,420.38,419.98,2188,420.13,229273,420.24824,0.0004998452859828614,0.0009524263060145179
522,2023-11-01 18:06:00,420.185,420.36,420.09,1672,420.33,176029,420.213182,-0.00034496704969900273,0.0006427194172678204
523,2023-11-01 18:07:00,420.03,420.2,419.91,1903,420.19,204834,420.017314,-0.00038078012327762443,0.0006906241813721121
524,2023-11-01 18:08:00,420.14,420.33,420.0449,1834,420.05,192617,420.203449,0.00021426020711814067,0.0006787369635960344
525,2023-11-01 18:09:00,419.97,420.12,419.84,1479,420.12,166866,419.96378,-0.00035704084547266793,0.0006669207317073875
526,2023-11-01 18:10:00,419.81,420.17,419.76,1619,419.96,162060,419.980755,-0.00035717687398794474,0.0009767486182581117
527,2023-11-01 18:11:00,420.14,420.17,419.77,1173,419.81,119001,419.950206,0.0007860698887591626,0.0009529027800939422
528,2023-11-01 18:12:00,419.93,420.19,419.9,1167,420.13,124455,420.062964,-0.00047604312950750633,0.0006906406287211728
529,2023-11-01 18:13:00,419.93,420.01,419.73,878,419.92,77111,419.88688,2.381405982089661e-05,0.0006670955137826048
530,2023-11-01 18:14:00,419.63,419.91,419.61,1249,419.91,125583,419.790499,-0.0006668095544284002,0.0007149495960535053
531,2023-11-01 18:15:00,419.3999,419.71,419.39,3151,419.66,325179,419.555232,-0.0006197874469809433,0.0007630129473759345
532,2023-11-01 18:16:00,419.77,419.8086,419.31,1731,419.39,192586,419.516936,0.0009060778750089308,0.0011890963726121733
533,2023-11-01 18:17:00,419.8388,419.93,419.65,1235,419.77,156316,419.814919,0.00016389927817616836,0.0006672226855713799
534,2023-11-01 18:18:00,419.98,420.02,419.79,1051,419.84,109894,419.925873,0.00033346036585376145,0.0005478929941160136
535,2023-11-01 18:19:00,419.92,420.03,419.81,1071,419.97,119477,419.928332,-0.00011905612305643586,0.0005240465925060633
536,2023-11-01 18:20:00,420.16,420.16,419.88,1611,419.91,175955,420.034899,0.000595365673596723,0.0006668571972945355
537,2023-11-01 18:21:00,420.06,420.28,420.01,1449,420.16,169546,420.155615,-0.0002380045696877921,0.0006428418370990734
538,2023-11-01 18:22:00,420.29,420.32,419.99,930,420.05,98278,420.147729,0.0005713605523152222,0.0007857329936426679
539,2023-11-01 18:23:00,420.36,420.42,420.19,1153,420.28,128258,420.323647,0.00019034929094898862,0.0005473714272115429
540,2023-11-01 18:24:00,420.34,420.43,420.22,1074,420.365,115244,420.312507,-5.9472125414899205e-05,0.0004997382323544322
541,2023-11-01 18:25:00,420.31,420.4,420.21,1220,420.31,119864,420.311906,0.0,0.0004521548749434753
542,2023-11-01 18:26:00,420.21,420.44,420.21,884,420.31,93648,420.341784,-0.00023791963074878717,0.0005473453749316251
543,2023-11-01 18:27:00,420.53,420.61,420.08,2317,420.22,248526,420.347981,0.0007377088191898182,0.0012616644448677147
544,2023-11-01 18:28:00,420.63,420.66,420.47,1137,420.55,135894,420.554695,0.000190227083580987,0.00045187528242204606
545,2023-11-01 18:29:00,420.4,420.61,420.39,1138,420.61,629460,418.740904,-0.0004992748626994993,0.0005233235804848528
546,2023-11-01 18:30:00,420.72,420.77,420.42,1394,420.42,130103,420.654951,0.0007135721421435978,0.0008325008325007513
547,2023-11-01 18:31:00,421.14,421.32,420.63,3303,420.71,338852,421.011541,0.0010220817189988515,0.0016403965480350849
548,2023-11-01 18:32:00,421.1,421.33,421.02,3325,421.14,365947,421.176473,-9.49802915894088e-05,0.0007363070637974497
549,2023-11-01 18:33:00,421.3,421.43,421.09,2306,421.09,271769,421.281578,0.0004987057398656734,0.0008074283407348354
550,2023-11-01 18:34:00,421.39,421.57,421.14,3505,421.31,461193,421.33946,0.00018988393344564355,0.0010210381345870895
551,2023-11-01 18:35:00,421.06,421.76,420.8,5265,421.39,581418,421.352176,-0.0007831225230783457,0.002281368821292727
552,2023-11-01 18:36:00,421.55,421.61,420.91,4137,421.06,494088,421.192229,0.0011637296347314138,0.0016630633627140923
553,2023-11-01 18:37:00,421.345,421.69,421.21,2916,421.55,291882,421.479628,-0.00048630055746645495,0.0011395740841860787
554,2023-11-01 18:38:00,420.615,421.43,420.44,4272,421.34,539849,420.912729,-0.0017207006218255233,0.002354676053658094
555,2023-11-01 18:39:00,420.52,420.68,420.15,6096,420.62,741255,420.459205,-0.00023774428225006595,0.0012614542425324993
556,2023-11-01 18:40:00,419.97,420.7,419.72,5510,420.51,621426,420.138517,-0.0012841549546977805,0.002334889926617653
557,2023-11-01 18:41:00,419.6577,420.18,419.62,3658,419.97,434940,419.892231,-0.0007436245446104488,0.0013345407749868984
558,2023-11-01 18:42:00,419.6078,419.67,419.14,5375,419.65,657840,419.431969,-0.00010055999046819924,0.0012644939638307715
559,2023-11-01 18:43:00,419.9,420.08,419.43,3504,419.59,402556,419.780737,0.0007388164636907512,0.0015497222420904019
560,2023-11-01 18:44:00,419.75,420.1,419.55,2608,419.89,294184,419.769458,-0.00033342065779129384,0.0013109283756405944
561,2023-11-01 18:45:00,420.2,420.2282,419.5,2718,419.75,274360,419.883796,0.001072066706372814,0.0017358760429082604
562,2023-11-01 18:46:00,420.005,420.37,419.96,2733,420.2,313684,420.172004,-0.00046406473108042166,0.0009762834555672564
563,2023-11-01 18:47:00,419.78,420.1316,419.71,2053,420.02,289533,419.919981,-0.000571401361839934,0.0010045031092897768
564,2023-11-01 18:48:00,419.37,419.98,419.15,4442,419.795,533811,419.553758,-0.0010123989089913204,0.001980198019802078
565,2023-11-01 18:49:00,419.78,419.975,419.08,6342,419.36,788116,419.39459,0.0010015261350628554,0.0021356304285578857
566,2023-11-01 18:50:00,420.37,420.55,419.67,4603,419.76,566532,420.113751,0.0014532113588717687,0.0020968856482474216
567,2023-11-01 18:51:00,420.075,420.56,420.05,3703,420.37,518509,420.343053,-0.0007017627328306395,0.0012141411736697795
568,2023-11-01 18:52:00,420.31,420.35,419.92,1817,420.04,208253,420.128448,0.0006427959241976522,0.0010240045722995019
569,2023-11-01 18:53:00,420.479,420.57,420.29,2227,420.3125,263541,420.458327,0.0003961338289962468,0.0006662066668252223
570,2023-11-01 18:54:00,420.23,420.52,420.1,1477,420.5,154910,420.308542,-0.00064209274673004,0.0009997619614376555
571,2023-11-01 18:55:00,420.56,420.57,420.21,1789,420.24,204330,420.412622,0.0007614696363982324,0.0008567144998929432
572,2023-11-01 18:56:00,421.1396,421.17,420.515,4505,420.55,548792,420.938194,0.001401973605992062,0.0015576138782208235
573,2023-11-01 18:57:00,421.39,421.49,421.0,2650,421.15,292911,421.23974,0.000569868217974615,0.0011638954869358886
574,2023-11-01 18:58:00,421.56,421.64,421.25,2226,421.4,278644,421.403612,0.00037968675842435935,0.00092581602373884
575,2023-11-01 18:59:00,421.3543,421.58,421.24,2225,421.57,290110,421.396996,-0.0005116587992503494,0.0008071408223340019
576,2023-11-01 19:00:00,422.0399,422.17,421.34,5548,421.36,618885,421.815342,0.0016135845832541652,0.0019699055394694093
577,2023-11-01 19:01:00,422.19,422.45,422.02,4235,422.03,487415,422.266273,0.000379119967774862,0.0010189090564428388
578,2023-11-01 19:02:00,422.585,422.66,422.1,3232,422.19,383755,422.453589,0.0009355977166678079,0.0013266998341625261
579,2023-11-01 19:03:00,422.56,422.66,422.42,2391,422.6,249214,422.55453,-9.465215333653683e-05,0.0005681549169073649
580,2023-11-01 19:04:00,422.25,422.64,422.18,2720,422.5899,289293,422.351054,-0.0008043258960992681,0.0010895826424747253
581,2023-11-01 19:05:00,422.27,422.37,422.0,2541,422.27,310739,422.203089,0.0,0.0008767772511848449
582,2023-11-01 19:06:00,422.5119,422.56,422.18,2398,422.27,259653,422.375259,0.0005728562294267738,0.0009000900090008893
583,2023-11-01 19:07:00,422.375,422.67,422.25,2851,422.5198,343899,422.47659,-0.00034270583295735533,0.0009946714031971958
584,2023-11-01 19:08:00,422.55,422.59,422.13,3157,422.385,382488,422.329619,0.00039063887211908676,0.0010897117001870977
585,2023-11-01 19:09:00,422.54,422.655,422.36,2591,422.55,343701,422.50014,-2.366583836230246e-05,0.0006984562932094874
586,2023-11-01 19:10:00,422.85,422.9,422.52,4757,422.53,597874,422.714526,0.0007573426738930964,0.0008993657104989006
587,2023-11-01 19:11:00,422.85,422.915,422.68,2199,422.88,270140,422.805042,-7.09421112371659e-05,0.0005559761521718881
588,2023-11-01 19:12:00,422.81,423.05,422.76,3142,422.85,388029,422.900603,-9.459619250330014e-05,0.0006859683981455683
589,2023-11-01 19:13:00,422.745,422.81,422.44,4345,422.8,531075,422.637589,-0.00013008514664145416,0.0008758640280276597
590,2023-11-01 19:14:00,422.25,422.75,422.18,2600,422.74,414051,422.514787,-0.001159104887164709,0.0013501350135013339
591,2023-11-01 19:15:00,422.5,422.53,422.16,3474,422.27,408932,422.381754,0.0005446752078054756,0.0008764449497819493
592,2023-11-01 19:16:00,422.47,422.78,422.33,3308,422.48,386911,422.497071,-2.3669759515221796e-05,0.001065517486325832
593,2023-11-01 19:17:00,422.4899,422.65,422.42,1824,422.44,202955,422.530093,0.00011812328377989686,0.0005444817953694458
594,2023-11-01 19:18:00,422.6,422.64,422.39,2323,422.49,213625,422.503057,0.0002603611919809076,0.000591870072681645
595,2023-11-01 19:19:00,422.51,422.73,422.47,2249,422.61,244010,422.594828,-0.00023662478407993832,0.0006154283144365065
596,2023-11-01 19:20:00,422.73,422.75,422.39,2450,422.5,284361,422.514353,0.0005443786982248951,0.000852292904661601
597,2023-11-01 19:21:00,422.715,422.77,422.46,1852,422.74,195151,422.664983,-5.913800444725861e-05,0.0007337972825829719
598,2023-11-01 19:22:00,422.88,422.94,422.64,3545,422.71,619464,420.98505,0.0004021669702633388,0.00070982396365704
599,2023-11-01 19:23:00,422.9199,423.16,422.77,5574,422.8528,678769,422.974006,0.00015868406216059625,0.0009224874044990024
600,2023-11-01 19:24:00,423.2,423.2,422.86,2755,422.88,331079,423.044259,0.0007567158531971084,0.0008040486212930402
601,2023-11-01 19:25:00,422.9,423.35,422.83,5637,423.19,764268,423.130783,-0.0006852713911009723,0.001229808670151216
602,2023-11-01 19:26:00,422.75,422.94,422.61,2375,422.91,294158,422.748323,-0.0003783310869925634,0.0007808617874635812
603,2023-11-01 19:27:00,422.5182,422.7325,422.4,3191,422.7325,379650,422.513042,-0.0005069399679467205,0.0007871685606061522
604,2023-11-01 19:28:00,422.7199,422.735,422.51,2266,422.52,265128,422.634534,0.00047311369875985455,0.0005325317743959261
605,2023-11-01 19:29:00,422.83,422.87,422.62,1908,422.71,214099,422.773208,0.0002838825672446939,0.0005915479627088164
606,2023-11-01 19:30:00,422.93,422.94,422.66,1857,422.82,457859,420.312233,0.00026015798685022855,0.0006624710168929463
607,2023-11-01 19:31:00,423.07,423.1,422.91,2593,422.91,307315,423.014583,0.00037833108699242903,0.00044926816580359347
608,2023-11-01 19:32:00,423.075,423.14,423.01,2194,423.07,265708,423.074565,1.181837520976541e-05,0.0003073213399210313
609,2023-11-01 19:33:00,423.35,423.36,422.9,3649,423.079,736566,421.479654,0.0006405423100650588,0.0010877275951762507
610,2023-11-01 19:34:00,423.09,423.5,422.86,6551,423.35,1071755,422.049619,-0.0006141490492501423,0.0015135032871399195
611,2023-11-01 19:35:00,423.2213,423.28,422.915,2034,423.08,238324,423.088315,0.00033397938924080813,0.0008630575884041764
612,2023-11-01 19:36:00,423.01,423.31,422.9569,2227,423.23,245879,423.135756,-0.0005198119225953436,0.0008348368356208009
613,2023-11-01 19:37:00,423.12,423.16,422.98,2173,423.03,515284,420.742228,0.00021275086873278926,0.0004255520355572529
614,2023-11-01 19:38:00,422.98,423.15,422.9507,2826,423.115,313090,423.050684,-0.0003190621934934732,0.0004712133116223565
615,2023-11-01 19:39:00,423.0678,423.09,422.94,1974,422.97,240795,423.018305,0.00023122207248729154,0.00035466023549434264
616,2023-11-01 19:40:00,422.77,423.11,422.755,3267,423.075,364051,422.893136,-0.0007209123677835061,0.0008397298671807979
617,2023-11-01 19:41:00,422.95,422.9701,422.69,2337,422.78,353138,422.796913,0.00040210038317804985,0.0006626605786746894
618,2023-11-01 19:42:00,422.995,423.12,422.94,2767,422.95,352189,423.009879,0.00010639555503018304,0.0004255922825932918
619,2023-11-01 19:43:00,423.12,423.15,422.94,2257,422.99,523250,420.758551,0.00030733587082435864,0.0004965243296921065
620,2023-11-01 19:44:00,422.93,423.13,422.89,2555,423.12,333114,423.027265,-0.0004490451881262945,0.0005675234694601649
621,2023-11-01 19:45:00,423.05,423.09,422.89,1904,422.92,275538,423.007435,0.00030738673980893654,0.0004729362245500925
622,2023-11-01 19:46:00,423.0225,423.12,422.99,2189,423.05,273236,423.05174,-6.50041366269515e-05,0.00030733587082435864
623,2023-11-01 19:47:00,423.04,423.07,422.89,2335,423.02,273050,422.992964,4.7279088459265885e-05,0.0004256426020951236
624,2023-11-01 19:48:00,423.05,423.1012,422.97,2635,423.055,318260,423.036232,-1.1818794246600212e-05,0.00031018748374584114
625,2023-11-01 19:49:00,423.05,423.065,422.95,2622,423.05,605765,421.054943,0.0,0.00027189975174372644
626,2023-11-01 19:50:00,422.625,423.2,422.6,6287,423.05,1100152,421.820058,-0.001004609384233569,0.0014197823000472454
627,2023-11-01 19:51:00,422.6701,422.7,422.51,3319,422.62,1544247,419.797188,0.00011854621172681432,0.0004496934983787312
628,2023-11-01 19:52:00,422.89,422.915,422.525,3950,422.67,778299,422.700972,0.0005205006269665943,0.0009230223063725063
629,2023-11-01 19:53:00,422.862,422.89,422.77,2048,422.88,484726,421.176082,-4.2565266742272655e-05,0.00028384227830736465
630,2023-11-01 19:54:00,422.835,422.92,422.68,3688,422.86,892856,421.518893,-5.912122215398502e-05,0.0005678054320053211
631,2023-11-01 19:55:00,422.99,422.99,422.785,3319,422.83,612159,422.905758,0.0003784026677388667,0.0004848800217604316
632,2023-11-01 19:56:00,422.95,423.0,422.85,2987,422.99,536418,422.918617,-9.456488333062357e-05,0.00035473572188714025
633,2023-11-01 19:57:00,422.795,422.95,422.73,3156,422.945,543162,422.835658,-0.00035465604274782125,0.0005204267499348767
634,2023-11-01 19:58:00,422.75,422.86,422.71,3693,422.79,658931,422.773593,-9.460961706762332e-05,0.0003548532090559346
635,2023-11-01 19:59:00,422.7,422.78,422.52,9709,422.745,2729073,421.438165,-0.00010644714899056386,0.0006153554861308125
636,2023-11-01 20:00:00,422.65,422.82,422.51,1093,422.7,1574731,422.65953,-0.00011828720132484356,0.0007337104447232072
637,2023-11-01 20:01:00,422.8,422.8,422.66,316,422.66,86200,422.76235,0.00033123550844647317,0.00033123550844647317
638,2023-11-01 20:02:00,422.79,422.83,422.75,558,422.8,217968,422.793819,-2.3651844843876313e-05,0.0001892371377882533
639,2023-11-01 20:03:00,422.79,422.8,420.4233,146,422.8,30418,422.105934,-2.3651844843876313e-05,0.005653111994506556
640,2023-11-01 20:04:00,422.69,422.81,422.69,212,422.8,48836,422.76921,-0.0002601702932829083,0.0002838959994322188
641,2023-11-01 20:05:00,422.64,422.7,422.591,216,422.67,42508,422.651519,-7.097735822279688e-05,0.0002579326109642194
642,2023-11-01 20:06:00,422.65,422.65,422.61,62,422.62,11295,422.628889,7.098575552499341e-05,9.464991363186772e-05
643,2023-11-01 20:07:00,422.52,422.62,422.5,145,422.62,37801,422.560937,-0.00023661918508358036,0.00028402366863906404
644,2023-11-01 20:08:00,422.45,422.52,422.45,168,422.52,40262,422.494701,-0.00016567263088136227,0.00016570008285002528
645,2023-11-01 20:09:00,422.44,422.49,422.43,211,422.43,138622,422.485227,2.36725611343676e-05,0.00014203536680634015
646,2023-11-01 20:10:00,422.48,422.66,422.41,239,422.66,995563,422.671357,-0.0004258742251455231,0.0005918420491939111
647,2023-11-01 20:11:00,422.48,422.5,422.45,191,422.49,571217,418.787618,-2.3669199270967135e-05,0.0001183572020357708
648,2023-11-01 20:12:00,422.53,422.53,422.49,126,422.49,38127,422.508442,9.467679708386854e-05,9.467679708386854e-05
649,2023-11-01 20:13:00,422.5999,422.62,422.57,74,422.57,13702,422.598333,7.075750763186647e-05,0.00011832359135767179
650,2023-11-01 20:14:00,422.54,422.6,422.5301,159,422.58,37190,422.569087,-9.465663306347584e-05,0.0001654320011758175
651,2023-11-01 20:15:00,422.65,422.66,422.55,104,422.59,231746,422.656182,0.0001419815897205383,0.0002603242219855961
652,2023-11-01 20:16:00,422.53,422.63,422.51,126,422.62,31488,422.555,-0.00021295726657524923,0.000284016946344476
653,2023-11-01 20:17:00,422.55,422.59,422.53,44,422.57,7467,422.540139,-4.732943654301491e-05,0.00014200175135493877
654,2023-11-01 20:18:00,422.5,422.51,422.5,45,422.51,7257,422.501368,-2.3668078862017242e-05,2.3668639053232913e-05
655,2023-11-01 20:19:00,422.49,422.49,422.46,24,422.48,1858,422.483369,2.3669759515221796e-05,7.101264025003447e-05
656,2023-11-01 20:20:00,422.5104,422.52,422.49,30,422.49,6375,422.496228,4.828516651280525e-05,7.10075978129014e-05
657,2023-11-01 20:21:00,422.52,422.52,422.5,20,422.51,1967,422.512308,2.3668078862017242e-05,4.7337278106465826e-05
658,2023-11-01 20:22:00,422.53,422.54,422.51,24,422.52,508792,418.335228,2.3667518697318247e-05,7.100423658618627e-05
659,2023-11-01 20:23:00,422.53,422.53,422.53,17,422.53,238,422.519641,0.0,0.0
660,2023-11-01 20:24:00,422.53,422.53,422.53,21,422.53,4231,422.529228,0.0,0.0
661,2023-11-01 20:25:00,422.53,422.53,422.53,20,422.53,705,422.529426,0.0,0.0
662,2023-11-01 20:27:00,422.47,422.57,422.47,67,422.54,11773,422.539005,-0.00016566478913237367,0.00023670319786012236
663,2023-11-01 20:28:00,422.48,422.48,422.47,26,422.48,4440,422.477993,0.0,2.367031978599878e-05
664,2023-11-01 20:29:00,422.51,422.51,422.48,19,422.48,2516,422.500016,7.100927854566539e-05,7.100927854566539e-05
665,2023-11-01 20:30:00,422.6,422.6,422.52,20,422.53,2336,422.564386,0.00016566870991420734,0.00018934014957881505
666,2023-11-01 20:31:00,422.64,422.64,422.6,21,422.6,1433,422.625631,9.465215333640232e-05,9.465215333640232e-05
667,2023-11-01 20:32:00,422.64,422.65,422.64,30,422.64,1765,422.641564,0.0,2.3660798788545583e-05
668,2023-11-01 20:33:00,422.65,422.65,422.62,20,422.64,1690,422.628947,2.3660798788545583e-05,7.098575552499341e-05
669,2023-11-01 20:34:00,422.63,422.65,422.61,16,422.6499,1530,422.634843,-4.7083886687319484e-05,9.464991363186772e-05
670,2023-11-01 20:35:00,422.62,422.64,422.62,20,422.62,5620,422.621101,0.0,4.7323837016662273e-05
671,2023-11-01 20:36:00,422.62,422.64,422.62,15,422.63,3776,422.630193,-2.3661358635191314e-05,4.7323837016662273e-05
672,2023-11-01 20:37:00,422.66,422.68,422.62,37,422.62,6369,422.669677,9.464767403345904e-05,0.00014197151105012132
673,2023-11-01 20:38:00,422.66,422.68,422.66,11,422.66,2714,422.665746,0.0,4.731935834945774e-05
674,2023-11-01 20:39:00,422.68,422.68,422.66,22,422.67,3009,422.665223,2.365911940755413e-05,4.731935834945774e-05
675,2023-11-01 20:40:00,422.72,422.73,422.69,23,422.69,1839,422.707254,7.097399985812193e-05,9.463199981078441e-05
676,2023-11-01 20:41:00,422.72,422.72,422.69,50,422.71,6705,422.703276,2.3656880603836553e-05,7.097399985812193e-05
677,2023-11-01 20:42:00,422.73,422.74,422.73,18,422.74,1139,422.73385,-2.3655201778849657e-05,2.365576136065788e-05
678,2023-11-01 20:43:00,422.76,422.76,422.73,40,422.74,7579,422.739301,4.7310403557699315e-05,7.096728408197363e-05
679,2023-11-01 20:44:00,422.75,422.75,422.74,24,422.75,1098,422.749072,0.0,2.3655201778849657e-05
680,2023-11-01 20:45:00,422.78,422.78,422.77,25,422.78,3476,422.77653,0.0,2.365352319225798e-05
681,2023-11-01 20:46:00,422.82,422.82,422.78,28,422.78,1173,422.804697,9.461185486546305e-05,9.461185486546305e-05
682,2023-11-01 20:47:00,422.78,422.81,422.78,13,422.81,6206,422.793951,-7.095385634216211e-05,7.09588911491309e-05
683,2023-11-01 20:48:00,422.7,422.76,422.7,111,422.76,42327,422.736469,-0.000141924496168044,0.00014194464158978536
684,2023-11-01 20:49:00,422.79,422.79,422.73,20,422.73,2233,422.758267,0.00014193456816408173,0.00014193456816408173
685,2023-11-01 20:50:00,422.8,422.8,422.75,14,422.75,5558,422.756565,0.00011827321111770873,0.00011827321111770873
686,2023-11-01 20:51:00,422.77,422.77,422.77,7,422.77,579,422.775881,0.0,0.0
687,2023-11-01 20:52:00,422.79,422.79,422.77,18,422.77,5520,422.782589,4.730704638465041e-05,4.730704638465041e-05
688,2023-11-01 20:53:00,422.7897,422.7897,422.7897,12,422.7897,1221,422.787613,0.0,0.0
689,2023-11-01 20:54:00,422.79,422.79,422.77,44,422.79,13450,422.771423,0.0,4.730704638465041e-05
690,2023-11-01 20:55:00,422.81,422.81,422.8,8,422.8,284,422.799366,2.3651844843876313e-05,2.3651844843876313e-05
691,2023-11-01 20:56:00,422.73,422.79,422.73,198,422.79,112374,422.754021,-0.00014191442560136774,0.00014193456816408173
692,2023-11-01 20:57:00,422.8,422.8,422.74,30,422.75,7300,422.760257,0.00011827321111770873,0.00014193121067323242
693,2023-11-01 20:58:00,422.85,422.86,422.8,131,422.82,48793,422.84533,7.095217823194162e-05,0.0001419110690633923
694,2023-11-01 20:59:00,422.84,422.88,422.84,69,422.87,20058,422.853708,-7.094378887135421e-05,9.459842966611595e-05
695,2023-11-01 21:01:00,422.9,422.9,422.87,40,422.87,10035,422.899035,7.09437888712198e-05,7.09437888712198e-05
696,2023-11-01 21:02:00,422.76,422.8999,422.7,55,422.8999,8813,422.756247,-0.00033081114467043256,0.0004729122308966495
697,2023-11-01 21:03:00,422.86,422.86,422.86,11,422.86,1073,422.850033,0.0,0.0
698,2023-11-01 21:04:00,422.93,422.93,422.86,54,422.86,7886,422.919337,0.00016553942203091608,0.00016553942203091608
699,2023-11-01 21:06:00,422.94,422.94,422.82,20,422.82,2656,422.932758,0.0002838087129274976,0.0002838087129274976
700,2023-11-01 21:07:00,422.89,422.89,422.82,16,422.82,526,422.854971,0.00016555508254101787,0.00016555508254101787
701,2023-11-01 21:10:00,422.8577,422.89,422.8577,19,422.89,815,422.892583,-7.63792002647587e-05,7.638503449260544e-05
702,2023-11-01 21:12:00,422.91,422.91,422.9,14,422.9,689,422.909877,2.3646252069159965e-05,2.3646252069159965e-05
703,2023-11-01 21:13:00,422.93,422.93,422.93,10,422.93,407,423.772801,0.0,0.0
704,2023-11-01 21:16:00,422.94,422.94,422.94,6,422.94,444,422.939448,0.0,0.0
705,2023-11-01 21:17:00,422.95,422.95,422.9,30,422.93,4072,422.92798,4.728914950460315e-05,0.00011823126034526217
706,2023-11-01 21:18:00,422.9,422.9,422.9,12,422.9,680,422.900449,0.0,0.0
707,2023-11-01 21:19:00,422.92,422.92,422.9,19,422.92,923,422.916853,0.0,4.729250413818552e-05
708,2023-11-01 21:21:00,422.99,422.99,422.95,28,422.95,4507,422.980155,9.457382669351097e-05,9.457382669351097e-05
709,2023-11-01 21:22:00,422.95,422.98,422.95,22,422.95,80450,422.679718,0.0,7.093037002016682e-05
710,2023-11-01 21:23:00,422.979,422.979,422.91,14,422.91,907,422.952591,0.00016315528126542285,0.00016315528126542285
711,2023-11-01 21:24:00,422.98,422.98,422.91,15,422.95,1401,422.944143,7.093037002016682e-05,0.0001655198505592045
712,2023-11-01 21:25:00,422.95,422.95,422.95,12,422.95,287,422.957822,0.0,0.0
713,2023-11-01 21:26:00,422.98,422.98,422.98,20,422.98,677,422.979549,0.0,0.0
714,2023-11-01 21:27:00,422.9,422.99,422.9,26,422.98,2202,422.921876,-0.0001891342380255353,0.0002128162686214988
715,2023-11-01 21:28:00,422.98,422.98,422.98,11,422.98,139,422.963371,0.0,0.0
716,2023-11-01 21:29:00,422.98,422.98,422.98,13,422.98,500,422.97105,0.0,0.0
717,2023-11-01 21:31:00,422.99,422.99,422.99,8,422.99,191,422.987487,0.0,0.0
718,2023-11-01 21:32:00,423.0,423.0,422.91,27,422.92,2738,422.977516,0.00018916107065162225,0.0002128112364332245
719,2023-11-01 21:33:00,423.1,423.1,423.0,68,423.0,5858,423.071695,0.00023640661938539655,0.00023640661938539655
720,2023-11-01 21:34:00,423.08,423.08,423.0,20,423.0,846,423.019687,0.00018912529550823662,0.00018912529550823662
721,2023-11-01 21:35:00,423.0,423.0,423.0,20,423.0,326,423.031794,0.0,0.0
722,2023-11-01 21:36:00,422.95,422.95,422.95,14,422.95,413,422.974697,0.0,0.0
723,2023-11-01 21:38:00,423.07,423.07,423.0,10,423.0,699,423.02485,0.00016548463356972381,0.00016548463356972381
724,2023-11-01 21:42:00,423.0,423.0,423.0,60,423.0,2326,423.003783,0.0,0.0
725,2023-11-01 21:43:00,423.0,423.0,423.0,27,423.0,576,423.002865,0.0,0.0
726,2023-11-01 21:44:00,423.0,423.0,423.0,18,423.0,700,423.001414,0.0,0.0
727,2023-11-01 21:45:00,423.0,423.04,422.98,15,423.04,709,423.002285,-9.455370650534338e-05,0.0001418506785190843
728,2023-11-01 21:46:00,422.9601,422.98,422.95,17,422.98,2674,422.963282,-4.704714170884418e-05,7.093037002016682e-05
729,2023-11-01 21:53:00,422.96,422.96,422.96,7,422.96,245,422.960429,0.0,0.0
730,2023-11-01 21:55:00,422.96,422.96,422.96,20,422.96,1557,422.961166,0.0,0.0
731,2023-11-01 21:57:00,423.0,423.05,423.0,8,423.05,556,423.009074,-0.00011818933932162007,0.00011820330969269828
732,2023-11-01 21:58:00,423.0,423.0,423.0,10,423.0,272,422.998695,0.0,0.0
733,2023-11-01 21:59:00,422.98,422.98,422.98,13,422.98,365,422.973712,0.0,0.0
734,2023-11-01 22:00:00,422.86,422.97,422.86,136,422.97,14356,422.922087,-0.0002600657257016186,0.00026013337747721145
735,2023-11-01 22:01:00,422.86,422.86,422.86,30,422.86,611,422.885057,0.0,0.0
736,2023-11-01 22:02:00,422.86,422.86,422.85,27,422.85,682,422.860469,2.3649048125791424e-05,2.3649048125791424e-05
737,2023-11-01 22:03:00,422.85,422.86,422.85,27,422.86,2088,422.85467,-2.3648488861540236e-05,2.3649048125791424e-05
738,2023-11-01 22:04:00,422.91,422.91,422.91,7,422.91,170,422.901059,0.0,0.0
739,2023-11-01 22:06:00,422.94,422.94,422.94,8,422.94,449,422.941403,0.0,0.0
740,2023-11-01 22:08:00,423.0,423.0,423.0,11,423.0,456,422.999353,0.0,0.0
741,2023-11-01 22:09:00,422.99,423.0,422.98,52,422.98,3351,423.001232,2.3641779753158316e-05,4.728355950631663e-05
742,2023-11-01 22:10:00,423.09,423.09,423.079,18,423.079,651,423.082788,2.5999872364185548e-05,2.5999872364185548e-05
743,2023-11-01 22:11:00,423.08,423.08,423.08,11,423.08,424,423.080083,0.0,0.0
744,2023-11-01 22:12:00,423.06,423.12,423.06,21,423.09,3673,423.109065,-7.090689924123169e-05,0.00014182385477237808
745,2023-11-01 22:13:00,423.1103,423.1103,423.11,10,423.11,452,423.114049,7.090354753646505e-07,7.090354753646505e-07
746,2023-11-01 22:14:00,423.1,423.1,423.1,22,423.1,2254,423.099925,0.0,0.0
747,2023-11-01 22:15:00,423.13,423.13,423.06,11,423.06,947,423.114234,0.00016546116390108538,0.00016546116390108538
748,2023-11-01 22:17:00,423.1,423.1,423.1,7,423.1,140,423.095857,0.0,0.0
749,2023-11-01 22:19:00,423.15,423.15,423.15,7,423.15,391,423.145038,0.0,0.0
750,2023-11-01 22:22:00,423.0,423.0,422.98,11,422.98,320,422.995625,4.728355950631663e-05,4.728355950631663e-05
751,2023-11-01 22:23:00,423.0,423.0,423.0,8,423.0,280,423.0155,0.0,0.0
752,2023-11-01 22:24:00,422.95,423.0,422.95,21,423.0,789,422.984106,-0.00011820330969269828,0.00011821728336685511
753,2023-11-01 22:25:00,422.9,422.93,422.9,18,422.93,1362,422.92112,-7.093372425703913e-05,7.093875620721107e-05
754,2023-11-01 22:26:00,422.86,422.86,422.86,12,422.86,229,422.859103,0.0,0.0
755,2023-11-01 22:30:00,422.9,422.9,422.66,9,422.66,723,422.899959,0.0005678323001938963,0.0005678323001938963
756,2023-11-01 22:31:00,422.87,422.88,422.87,11,422.88,639,422.87921,-2.3647370412388634e-05,2.364792962373993e-05
757,2023-11-01 22:32:00,422.9,422.9,422.9,8,422.9,183,422.900246,0.0,0.0
758,2023-11-01 22:34:00,422.94,422.94,422.93,7,422.93,615,422.931382,2.3644574752301575e-05,2.3644574752301575e-05
759,2023-11-01 22:36:00,422.99,422.99,422.99,12,422.99,226,422.99009,0.0,0.0
760,2023-11-01 22:39:00,422.94,422.94,422.94,14,422.94,310,422.938423,0.0,0.0
761,2023-11-01 22:42:00,422.94,422.94,422.91,7,422.92,1458,422.913865,4.729026766287196e-05,7.093707881103004e-05
762,2023-11-01 22:44:00,422.96,422.96,422.96,6,422.96,190,422.959208,0.0,0.0
763,2023-11-01 22:45:00,422.96,422.96,422.94,13,422.94,633,422.945664,4.7288031399209843e-05,4.7288031399209843e-05
764,2023-11-01 22:51:00,423.06,423.06,423.0,18,423.0,524,423.044094,0.00014184397163121104,0.00014184397163121104
765,2023-11-01 22:52:00,423.0,423.04,423.0,9,423.04,741,423.016194,-9.455370650534338e-05,9.456264775418549e-05
766,2023-11-01 22:53:00,423.01,423.03,423.01,9,423.03,261,423.017625,-4.7277970829449e-05,4.7280206141655776e-05
767,2023-11-01 22:54:00,423.08,423.08,423.05,9,423.05,310,423.078258,7.091360359289142e-05,7.091360359289142e-05
768,2023-11-01 22:55:00,423.1,423.1,423.1,10,423.1,325,423.099308,0.0,0.0
769,2023-11-01 22:56:00,423.06,423.1,423.06,10,423.1,825,423.0804,-9.454029780198644e-05,9.454923651496352e-05
770,2023-11-01 22:57:00,423.06,423.07,423.05,18,423.07,1511,423.053349,-2.363675041953082e-05,4.7275735728594276e-05
771,2023-11-01 22:58:00,423.05,423.05,423.05,8,423.05,618,423.050283,0.0,0.0
772,2023-11-01 22:59:00,423.05,423.05,423.03,17,423.03,1288,423.038397,4.727797082958337e-05,4.727797082958337e-05
773,2023-11-01 23:00:00,423.01,423.06,423.01,24,423.06,1943,423.030056,-0.0001181865456436708,0.00011820051535427382
774,2023-11-01 23:01:00,423.08,423.08,423.08,6,423.08,204,423.056961,0.0,0.0
775,2023-11-01 23:02:00,423.16,423.16,423.11,23,423.11,1650,423.139391,0.00011817257923474125,0.00011817257923474125
776,2023-11-01 23:03:00,423.22,423.29,423.16,41,423.16,2945,423.249698,0.00014179033935155088,0.00030721240192833785
777,2023-11-01 23:04:00,423.26,423.27,423.26,20,423.27,386,423.24728,-2.3625581779929846e-05,2.3626139961231644e-05
778,2023-11-01 23:05:00,423.23,423.24,423.23,16,423.24,1513,423.235109,-2.3627256402964997e-05,2.362781466340029e-05
779,2023-11-01 23:06:00,423.34,423.34,423.28,22,423.28,2629,423.294053,0.00014175014175014713,0.00014175014175014713
780,2023-11-01 23:07:00,423.28,423.28,423.28,20,423.28,409,423.279505,0.0,0.0
781,2023-11-01 23:08:00,423.25,423.3,423.25,15,423.28,2433,423.280495,-7.087507087500641e-05,0.00011813349084468132
782,2023-11-01 23:09:00,423.3,423.3,423.29,13,423.29,1548,423.293346,2.3624465496446656e-05,2.3624465496446656e-05
783,2023-11-01 23:10:00,423.31,423.31,423.31,12,423.31,573,423.302051,0.0,0.0
784,2023-11-01 23:13:00,423.23,423.32,423.23,19,423.32,1813,423.304164,-0.00021260512142108804,0.00021265033197073692
785,2023-11-01 23:14:00,423.3,423.3,423.3,6,423.3,205,423.317634,0.0,0.0
786,2023-11-01 23:16:00,423.42,423.42,423.4,17,423.4,1132,423.413618,4.7236655644871646e-05,4.7236655644871646e-05
787,2023-11-01 23:17:00,423.45,423.45,423.45,12,423.45,301,423.448106,0.0,0.0
788,2023-11-01 23:18:00,423.46,423.49,423.45,46,423.48,15972,423.452972,-4.7227732124394665e-05,9.446215609876128e-05
789,2023-11-01 23:19:00,423.55,423.62,423.49,53,423.49,2837,423.581151,0.0001416798507638959,0.0003069730099884187
790,2023-11-01 23:20:00,423.5,423.56,423.5,33,423.52,7311,423.541518,-4.7223271628215456e-05,0.0001416765053128743
791,2023-11-01 23:21:00,423.49,423.49,423.49,7,423.49,508,423.490581,0.0,0.0
792,2023-11-01 23:23:00,423.45,423.46,423.45,11,423.46,267,423.454978,-2.361498134414326e-05,2.361553902465676e-05
793,2023-11-01 23:24:00,423.44,423.45,423.43,10,423.44,1727,423.439551,0.0,4.7233308929414093e-05
794,2023-11-01 23:25:00,423.47,423.47,423.45,14,423.45,987,423.454466,4.723107804944776e-05,4.723107804944776e-05
795,2023-11-01 23:26:00,423.55,423.55,423.48,16,423.48,1887,423.489967,0.00016529706243504575,0.00016529706243504575
796,2023-11-01 23:27:00,423.5,423.57,423.5,13,423.55,2111,423.543786,-0.00011804981702281046,0.000165289256198331
797,2023-11-01 23:28:00,423.46,423.48,423.46,24,423.48,1354,423.478781,-4.7227732124394665e-05,4.722996268842076e-05
798,2023-11-01 23:29:00,423.4783,423.4783,423.4783,5,423.4783,229,423.47007,0.0,0.0
799,2023-11-01 23:31:00,423.44,423.45,423.44,18,423.45,1392,423.436476,-2.361553902465676e-05,2.3616096731510733e-05
800,2023-11-01 23:32:00,423.38,423.38,423.38,14,423.38,1184,423.37959,0.0,0.0
801,2023-11-01 23:33:00,423.45,423.45,423.45,12,423.45,527,423.448121,0.0,0.0
802,2023-11-01 23:34:00,423.42,423.43,423.42,8,423.43,851,423.424172,-2.3616654464707047e-05,2.3617212224247566e-05
803,2023-11-01 23:35:00,423.49,423.49,423.49,6,423.49,129,423.488643,0.0,0.0
804,2023-11-01 23:36:00,423.49,423.49,423.49,14,423.49,1036,423.489445,0.0,0.0
805,2023-11-01 23:37:00,423.5,423.51,423.5,10,423.51,920,423.504886,-2.3612193336617566e-05,2.361275088545668e-05
806,2023-11-01 23:38:00,423.5,423.51,423.49,9,423.49,819,423.503138,2.3613308460626944e-05,4.722661692125389e-05
807,2023-11-01 23:39:00,423.52,423.52,423.51,13,423.51,2830,423.518134,2.3612193336617566e-05,2.3612193336617566e-05
808,2023-11-01 23:40:00,423.52,423.52,423.52,8,423.52,264,423.520852,0.0,0.0
809,2023-11-01 23:41:00,423.54,423.57,423.54,22,423.57,8862,423.568396,-7.082654578929744e-05,7.08315625442053e-05
810,2023-11-01 23:42:00,423.52,423.52,423.52,9,423.52,327,423.525596,0.0,0.0
811,2023-11-01 23:43:00,423.52,423.53,423.52,13,423.53,4649,423.522936,-2.3611078317925307e-05,2.3611635814107728e-05
812,2023-11-01 23:44:00,423.51,423.51,423.51,5,423.51,536,423.510009,0.0,0.0
813,2023-11-01 23:45:00,423.5,423.51,423.5,13,423.51,696,423.503407,-2.3612193336617566e-05,2.361275088545668e-05
814,2023-11-01 23:46:00,423.43,423.49,423.43,16,423.49,649,423.443921,-0.0001416798507638959,0.00014169992678837653
815,2023-11-01 23:47:00,423.51,423.51,423.48,10,423.48,634,423.504811,7.084159818639065e-05,7.084159818639065e-05
816,2023-11-01 23:48:00,423.47,423.52,423.47,44,423.5,21449,423.484614,-7.083825265637004e-05,0.00011807211844984183
817,2023-11-01 23:49:00,423.51,423.51,423.5,15,423.5,1151,423.500313,2.361275088545668e-05,2.361275088545668e-05
818,2023-11-01 23:50:00,423.47,423.49,423.47,14,423.49,2201,423.489673,-4.722661692125389e-05,4.7228847379936736e-05
819,2023-11-01 23:52:00,423.54,423.54,423.52,8,423.52,229,423.529192,4.7223271628349674e-05,4.7223271628349674e-05
820,2023-11-01 23:53:00,423.49,423.5,423.49,11,423.5,1749,423.492556,-2.361275088545668e-05,2.3613308460626944e-05
821,2023-11-01 23:54:00,423.46,423.47,423.46,15,423.47,479,423.458841,-2.36144236901026e-05,2.3614981344277498e-05
822,2023-11-01 23:55:00,423.51,423.51,423.48,21,423.48,1786,423.481725,7.084159818639065e-05,7.084159818639065e-05
823,2023-11-01 23:56:00,423.59,423.6,423.54,26,423.54,6394,423.580419,0.00011805260424034217,0.00014166312508854482
824,2023-11-01 23:57:00,423.62,423.62,423.56,56,423.57,16319,423.612396,0.00011804424298229659,0.00014165643592407753
825,2023-11-01 23:58:00,423.6,423.62,423.6,30,423.62,3045,423.612976,-4.721212407341912e-05,4.721435316331872e-05
826,2023-11-01 23:59:00,423.63,423.63,423.6,27,423.6,1858,423.619343,7.082152974497807e-05,7.082152974497807e-05
